cpg	snp	beta	se	pvalue	r2	nobs
cg17581286	rs877282	0.000269011701756006	0.000342116744945887	0.431795786154595	0.000375264149181419	1649
cg19901101	rs877282	-0.00491819163119389	0.00231617021398258	0.0338675149149698	0.00272521545063364	1652
cg03817621	rs10821905	-0.0135170103114044	0.00252438018134707	9.7793310174839e-08	0.0170494580727781	1655
cg16531903	rs10821905	-0.00121086501498449	0.00667633639189889	0.856144808308669	5.82158589955336e-05	567
cg07567376	rs7084402	0.00185659623245294	0.000410259277299379	6.45892065453651e-06	0.0122669623675143	1651
cg17232254	rs7075195	0.00070293018528457	0.00143758010309083	0.624935836426051	0.000158838139695017	1507
cg17232254	rs10761731	0.000464721786158766	0.00143974953502593	0.746906996070903	6.92222334516275e-05	1507
cg17232254	rs7910927	-0.000765729650330081	0.00142830474666522	0.591961176699741	0.000190936843385513	1507
cg17232254	rs10740118	0.000660116405243051	0.00143620611815798	0.645851711814789	0.000140349235056386	1507
cg17232254	rs7896518	0.000680884343815367	0.00143734017791306	0.635774472938969	0.000149082379123008	1507
cg17232254	rs7923609	-0.000734432387610306	0.00142927724897935	0.607433144603667	0.000175411471854723	1507
cg17232254	rs7896783	-0.000765562968137989	0.00142830483989134	0.592041832047887	0.000190853718038937	1507
cg17232254	rs2393967	0.00119532530201237	0.00155768971701753	0.442981566514472	0.000391114509029516	1507
cg17232254	rs12355784	-0.000765729650330081	0.00142830474666522	0.591961176699741	0.000190936843385513	1507
cg17232254	rs2893923	0.00104735320602197	0.00153986572127014	0.496508533039773	0.00030729157599232	1507
cg17232254	rs10822184	-0.000719603767383666	0.00142990207597858	0.614859431050007	0.000168253724108265	1507
cg18338521	rs12571093	-0.00735415891349382	0.000993730061058799	2.15062416313008e-13	0.0321453852014443	1651
cg18338521	rs3858145	-0.00703512194340442	0.000815695036678122	1.48320279905662e-17	0.0431623631183917	1651
cg18338521	rs7916697	0.00718642945920253	0.000831256486525156	1.2486831887396e-17	0.0433595077728721	1651
cg18338521	rs1900004	-0.00769737654526137	0.00083867183544423	1.27364509028536e-19	0.048600805882056	1651
cg20599420	rs1245582	-9.44092648257301e-05	0.000880548414997245	0.914630293356375	6.95840475603272e-06	1654
cg23966017	rs11001819	0.000100828195169624	0.000721539079992272	0.888882203846323	1.18923026328905e-05	1644
cg26465532	rs7071206	-0.00202876081011779	0.00237666869372646	0.393441919963017	0.000440882483872258	1654
cg19522185	rs2145998	-0.000470033627831877	0.000553280364263251	0.395704449274983	0.000437743782428923	1650
cg22936253	rs1800682	0.00764688487243186	0.0033151433274191	0.0212065283554731	0.00344753209509259	1540
cg12555086	rs1412444	-0.0930305688118775	0.00174361337003025	0	0.632787763961198	1654
cg18100746	rs947474	-0.00688192093600715	0.00262413395777883	0.0088182062414644	0.00468551640797506	1463
cg16342193	rs11190604	-0.0773080841990152	0.00207760363148608	1.04901144502135e-220	0.455670433472149	1656
cg10981747	rs3814231	-0.000642192252971309	0.000437964375860989	0.142754306475316	0.00130374415465367	1649
cg16132139	rs3814231	-0.00348559314735817	0.000972073606505434	0.000345908701387304	0.00771822164487374	1655
cg23088510	rs2629540	0.00530959414567886	0.00172243324694227	0.00208583329839166	0.00571578053471101	1655
cg02634492	rs477692	0.000467092592792571	0.000433496270671062	0.281413797014335	0.000701871244502951	1655
cg16698623	rs477692	-0.00102988149579733	0.00088783301750929	0.246218423123542	0.000812874034003168	1656
cg04425788	rs477692	-0.000605762125904014	0.00100081951018893	0.545085384274056	0.000221844812027063	1653
cg11019008	rs477692	0.00323889438736497	0.00043727492881443	2.05313018455228e-13	0.0322373745432566	1649
cg25557018	rs477692	4.81685026660531e-07	0.000669448696856371	0.999425988984495	3.13008539630276e-10	1656
cg03344290	rs477692	-0.000674475205381342	0.000516289542175271	0.191603895141804	0.00104273625509411	1637
cg27572370	rs7081208	-0.146880951765444	0.00630662471465151	5.31463158944775e-104	0.2469569610807	1656
cg13524748	rs11010067	-0.0010461966252354	0.00235811648077307	0.65735592875269	0.000135075910597187	1459
cg13524748	rs12261843	-0.00187659000605073	0.00255058937179967	0.462002739841708	0.000371395664849642	1459
cg13524748	rs17582416	-0.00110667538811996	0.00236435560550256	0.639807122350151	0.00015034537059042	1459
cg13524748	rs12242110	-0.00247282133098226	0.00240387641000414	0.303800466844409	0.000725748840414993	1459
cg01496715	rs17655730	-0.000466080003515437	0.000268719053024467	0.0830252057957039	0.00182321500450454	1649
cg19998151	rs17655730	0.00876836580547679	0.00138304183005942	2.95836733649697e-10	0.0237248469549136	1656
cg07416733	rs7112925	0.00431777603017935	0.00231340255891437	0.0621641421092681	0.00215366393488247	1616
cg10979191	rs7105934	-0.00119236258693404	0.000837571677477663	0.154753587607939	0.00123122056194726	1646
cg17293195	rs12785878	0.00506694729185575	0.00337332253477702	0.133282760886819	0.00144326765635663	1563
cg17293195	rs11234027	0.000872053746673868	0.00402900730558882	0.82867009058339	3.001058478916e-05	1563
cg17293195	rs3829251	0.00156294495892998	0.00404068511793097	0.698955541416307	9.58369150268765e-05	1563
cg02023728	rs10899489	0.182211820808021	0.00364181571897065	0	0.60214797567923	1656
cg02023728	rs2373115	0.179331298147099	0.00357918263689027	0	0.602824784363491	1656
cg01343192	rs7948471	0.000165707899478092	0.000308697267863195	0.59147978725755	0.000174289931645078	1655
cg22889514	rs4929923	0.000994638817802981	0.00162544777496482	0.540680176455852	0.000235147068953531	1594
cg22889514	rs4929949	-0.000230877838539811	0.00158177611018333	0.883970547044889	1.33821408487629e-05	1594
cg25812146	rs11568818	0.00021842411287315	0.000660885469000749	0.741062426926274	6.61165215533823e-05	1654
cg10131836	rs3802842	0.00119809083279945	0.000693888806602604	0.084420778758992	0.00180247455425502	1653
cg22252026	rs3802842	0.000200215071243487	0.00107894055995406	0.852807924799805	2.1125243025828e-05	1632
cg23698140	rs3802842	-0.000764773175809323	0.000349645921483273	0.0288626989245815	0.00290340772997225	1645
cg03290730	rs561722	-0.000243185553505155	0.000642360005100442	0.705047436530934	8.68554133706014e-05	1652
cg26207102	rs7926971	0.00027519261213565	0.00101712107633608	0.786763423351272	4.48527008558339e-05	1634
cg21883293	rs2057178	-0.00285209524242885	0.00188113047979342	0.129672378930211	0.00140570148980368	1635
cg15622655	rs10875976	0.00321344441825653	0.00106460438725881	0.00258023480538043	0.00556188186979078	1631
cg15622655	rs7138803	0.00451731181564019	0.00107233342562001	2.66266992686092e-05	0.0107764032718029	1631
cg15991941	rs10875976	-0.000945929183430643	0.00116285625580561	0.416075471079504	0.000400388151725606	1654
cg15991941	rs7138803	-0.000958025458176348	0.00117584456853119	0.415329894341705	0.000401670321540299	1654
cg13294447	rs11169552	0.232473695210271	0.00581737317283701	2.89676025648178e-242	0.501406468220075	1590
cg13294447	rs7968440	-0.166315865419157	0.00680237875911879	2.564980609636e-112	0.273487889615442	1590
cg13294447	rs34245511	-0.118203641924608	0.0073960681859568	1.98610425829657e-53	0.13855905555432	1590
cg22667391	rs3741414	0.000754605967360569	0.000946226847292644	0.425281690118551	0.000385767078496919	1650
cg22667391	rs11613352	0.000660566300180004	0.000946553405785576	0.485360199376256	0.000295431671640117	1650
cg22667391	rs1106766	0.000664867727776561	0.00094654014769294	0.482517134995622	0.000299298966192979	1650
cg22329776	rs7307780	0.00190759429944938	0.00221934347752744	0.390173375898881	0.000450555523362361	1641
cg04876905	rs10859871	0.000131472239391056	0.000711893629053606	0.853503199939898	2.08216416566664e-05	1640
cg01703884	rs7134594	-0.000367232624571375	0.000568573174426712	0.518444162039202	0.000253378578941379	1648
cg01703884	rs2338104	-0.000334675820839003	0.00056857403201066	0.556194882470696	0.000210452163347778	1648
cg10096050	rs7134594	0.000536997996147055	0.000866306300692918	0.535428429569833	0.000232818408598053	1652
cg10096050	rs2338104	0.000468837094643662	0.00086630493336509	0.588448471711727	0.000177476693349772	1652
cg13671409	rs1270884	-7.95035758411367e-05	0.00329826572504788	0.980772150445085	3.65430471622331e-07	1592
cg06216468	rs7953704	-0.000380639351359931	0.000700622746454412	0.587005391588246	0.000178636940587566	1654
cg25459280	rs4765127	0.237331519712165	0.00307756636896291	0	0.785496534588472	1626
cg23521905	rs1385374	-0.00527158485030501	0.00270566885011219	0.0515423455192028	0.00229120561947459	1655
cg10449329	rs7301826	0.00391872287321841	0.00120572878108153	0.00117687934416593	0.00634584697136814	1656
cg07019303	rs2856321	0.00891509584981011	0.00115541323191138	2.06378269537388e-14	0.0347849514332373	1654
cg23320499	rs11612508	0.00178212199993202	0.00214203214807118	0.405542180592823	0.00041933083459116	1652
cg14525610	rs10770705	-0.00186921480591769	0.00183312004781497	0.308033959588254	0.000668214535280748	1557
cg09188697	rs7953528	-0.0113025997338239	0.00115058564051294	3.57957637389165e-22	0.0553156848765333	1650
cg09188697	rs258415	-0.0112026431348959	0.00114294952506544	4.39133421313748e-22	0.0550836915035863	1650
cg02390084	rs10843164	0.000141009332281288	0.000921009174381149	0.878335715326532	1.42061921842997e-05	1652
cg02390084	rs2638953	-0.000231727125003281	0.000915139521629122	0.800133559930021	3.88578085178356e-05	1652
cg26311454	rs10875943	-0.000186799792678896	0.00121907873264929	0.878235427776935	1.42470804012371e-05	1650
cg17543804	rs2798269	0.00929999626550993	0.00176543911890565	1.56532121049205e-07	0.0168002518031777	1626
cg20724184	rs2798269	0.00302023383930273	0.00109617374681805	0.00592901340160813	0.004568757500954	1656
cg25755057	rs539514	0.00467884822453762	0.00148591370855319	0.00166877108622676	0.00597317032151025	1652
cg01053282	rs3783006	-0.00193953859227427	0.000666081628619424	0.00364115169568628	0.00512174884117523	1649
cg14071853	rs7998202	0.00055107770151142	0.000531216618769516	0.299707569941355	0.000653781220523269	1647
cg26204328	rs9318086	-0.00293105592576794	0.000471284001015423	6.31460269922637e-10	0.0229052765877239	1652
cg00220302	rs4771122	0.0013575118171418	0.00113631211253398	0.232389601258268	0.000863190956236581	1654
cg17920789	rs9590974	0.0033568891265569	0.00152898141525718	0.0282658273305363	0.00290758313573575	1655
cg21028352	rs997154	0.000444746188903901	0.000494925689531863	0.368990847132934	0.000490642809814233	1647
cg26298914	rs1956529	-0.00551475450548708	0.00396490027566318	0.164445336073289	0.00117181206654643	1651
cg26298914	rs8017304	-0.00552116015252305	0.00396484742971255	0.163950371383956	0.00117456395136348	1651
cg26298914	rs1950897	-0.00594224728119332	0.00416679808140622	0.154030383414947	0.00123180107955862	1651
cg26298914	rs911263	-0.00552536620090239	0.00417891802837128	0.186284864752583	0.00105904299750579	1651
cg26298914	rs1570106	-0.00462166729881181	0.00479676993291054	0.335440078574002	0.000562645048516673	1651
cg05902130	rs862034	-0.00365056872406946	0.00372015199905916	0.326592624671932	0.000590412569549533	1632
cg07569939	rs2300603	0.000133774457515556	0.000434681210835049	0.758309133541688	5.74326772561322e-05	1651
cg20258779	rs4900109	0.000139772816677326	0.000287204338477243	0.626559033128361	0.000143347835450802	1654
cg20258779	rs12896399	0.000149198834563875	0.00028606811256985	0.602053570162204	0.000164630544025456	1654
cg20285470	rs4900109	-8.1728855464946e-05	0.000468174751899339	0.861439707619574	1.85363829277576e-05	1646
cg20285470	rs12896399	-0.00015525139665099	0.000466293566823665	0.73921617253295	6.74250205548803e-05	1646
cg26948596	rs754388	-0.000110562933904665	0.000417153312904663	0.791010548930543	4.2494860325199e-05	1655
cg26948596	rs10498635	7.3591847605279e-05	0.000411419105357654	0.858059195329031	1.93557160504444e-05	1655
cg05730092	rs6575793	-0.0555409538329458	0.00184805452657792	1.05129426556018e-158	0.35320574266307	1656
cg13521842	rs6575793	-0.0814549479491496	0.00340131357690884	4.65979457941747e-109	0.25746712210309	1656
cg21193577	rs6575793	-0.039577025514357	0.00345704363702762	2.94214582323066e-29	0.0734626602930343	1655
cg26279372	rs6575793	-0.0548419863790286	0.00233204688852082	1.23267730985704e-105	0.251947790481825	1644
cg24183098	rs941576	0.00110910951922913	0.0010161335979126	0.275212707402774	0.000722835721514664	1649
cg07460524	rs941576	0.00149324680566234	0.000925642914833922	0.106893181353589	0.00158143487055677	1645
cg18396173	rs2236007	-0.00616561975835978	0.00166444470936123	0.000218989600148014	0.008292580776816	1643
cg14910296	rs8038465	-0.00149940801333229	0.00140539456828557	0.286177381408253	0.000697834341378813	1632
cg09926562	rs2307449	-0.00153807074183167	0.00240642474708432	0.522832364605583	0.000301841636521647	1355
cg01877814	rs2307449	0.0453422389788804	0.00138424758865097	9.74081126731358e-182	0.393894283861954	1653
cg24365117	rs2307449	0.0567318022336608	0.00155302356951508	1.35121158985827e-214	0.447131330658235	1652
cg26821196	rs7495132	-0.00157273678766216	0.000916862897357168	0.0864691634237903	0.00177580747452525	1656
cg05781698	rs6598541	-1.63049131274108e-05	0.000249820947539032	0.947969802940816	2.58163125653362e-06	1652
cg25710630	rs10518693	-0.000489813964073005	0.000900410237343841	0.586523364979165	0.000182636315229798	1622
cg25710630	rs2034650	-0.000485528345763601	0.00087576631703949	0.579378916497457	0.000189694744153733	1622
cg03999130	rs17536527	0.00309931729512287	0.00232782588429407	0.183238508384088	0.00109779108495108	1615
cg03999130	rs2467853	0.00218759559154573	0.00233451443505951	0.348864560758444	0.000544089349867517	1615
cg03999130	rs1153858	0.00551335051469228	0.00255028323235035	0.0307757762579065	0.00288910596285211	1615
cg03999130	rs2453533	0.00264627008806718	0.00231242873856953	0.252640724693154	0.000811231480937773	1615
cg10760299	rs17536527	0.108761494861348	0.00458459377903963	2.53345762998876e-107	0.253877078268283	1656
cg10760299	rs2467853	0.121918264895009	0.00440140074292377	4.62104864672486e-139	0.316891158877808	1656
cg10760299	rs1153858	0.169650201124552	0.00404520743077741	1.89644785792811e-262	0.515360119802318	1656
cg10760299	rs2453533	0.120972019287426	0.00436425222049423	3.22609526558262e-139	0.317187535310122	1656
cg10381488	rs17536527	0.000657678722241491	0.000174663336702747	0.000172101298887181	0.00850947182340639	1654
cg10381488	rs2467853	0.000867360736485652	0.000174707098879651	7.59334711045405e-07	0.0147006509603484	1654
cg10381488	rs1153858	0.00115429548349749	0.000190003556227927	1.53459651059598e-09	0.021852682646786	1654
cg10381488	rs2453533	0.000871224364865299	0.000173236991635069	5.46448384742082e-07	0.0150789169521405	1654
cg22847617	rs3204689	-0.000385177327758813	0.0011267952357379	0.732519133975379	7.08995416927584e-05	1650
cg22847617	rs4238326	-0.00026423049277739	0.00117024245038229	0.821391788987528	3.09345306463128e-05	1650
cg01733599	rs1800588	-0.00014805885454574	0.000417673616847802	0.723021087217852	7.61975372732345e-05	1651
cg01733599	rs588136	0.000113825520034882	0.000429649571195245	0.791099260669492	4.25609566286156e-05	1651
cg01733599	rs1077834	-0.000152207560549784	0.000416682119685273	0.714945820626824	8.0910880114868e-05	1651
cg01733599	rs261334	0.00021916292720964	0.000426467606632657	0.607388754890185	0.000160129697171535	1651
cg01733599	rs1077835	-0.000153169066477493	0.000416878583508142	0.713353731303396	8.18590601193021e-05	1651
cg08441822	rs1800588	-0.000358188678973749	0.000675547991304057	0.596030964113696	0.000169942491088183	1656
cg08441822	rs588136	-0.000153238790582102	0.000694931215709508	0.825501750656265	2.93971696360545e-05	1656
cg08441822	rs1077834	-0.000368727548099179	0.000673933941677093	0.584365199447364	0.000180951594090862	1656
cg08441822	rs261334	-8.3569379082259e-05	0.000689848266477396	0.903593529582684	8.8725373790972e-06	1656
cg08441822	rs1077835	-0.000367849819506582	0.000674251706887145	0.585436833666542	0.000179921612313696	1656
cg16391792	rs1800588	-0.0010664569722991	0.000364505548615862	0.00348297723706726	0.00514874089802121	1656
cg16391792	rs588136	0.00100491385818524	0.000375093795342965	0.00745519710967322	0.00432077697244026	1656
cg16391792	rs1077834	-0.00102198866231844	0.000363709352239346	0.0050139509359667	0.00475093939062947	1656
cg16391792	rs261334	0.00103066540827113	0.00037229189004477	0.0056954758725319	0.00461237892773705	1656
cg16391792	rs1077835	-0.0010230388267787	0.000363879690056267	0.00498965422915475	0.00475622689808435	1656
cg12855773	rs2652834	-0.00209707387538045	0.000563972339937357	0.000207187965881189	0.00830506190885234	1653
cg08008072	rs13336428	-0.0608962479396028	0.00405199680831344	6.16110295504057e-48	0.120597175780493	1649
cg26690334	rs13336428	-0.018908676525768	0.00164251429837681	1.49641598498026e-29	0.0744312674680735	1650
cg01431184	rs1065656	-0.0114791184687238	0.00351871668804013	0.00112943224659943	0.00689895241204196	1534
cg05660355	rs889472	0.00546460930915099	0.00445468982979482	0.220134526486892	0.00105489698779453	1427
cg05274606	rs6564851	-0.00104975668592914	0.00055049787834136	0.056703750559357	0.00219369748451597	1656
cg10150962	rs9936833	0.00372107911070414	0.000578338076643363	1.62363353670305e-10	0.0244898085049667	1651
cg09033286	rs9938149	-0.00117706571183936	0.00101950641102172	0.248443808828776	0.000805746762821067	1655
cg09033286	rs6540223	-0.000904697040519873	0.00101783747450193	0.374217142569699	0.000477715237328654	1655
cg02740093	rs10852344	-0.00247812784382247	0.00122106513030473	0.0425693014006361	0.00248551342925849	1655
cg02944637	rs12444979	0.00312150812258909	0.000927530790902475	0.000781873747840363	0.00681737894181016	1652
cg02944637	rs12446632	0.00300751115043065	0.000927549501005425	0.00120882684206046	0.00633137349456547	1652
cg02944637	rs12446554	0.00300829701565913	0.000927533337541596	0.00120502301536379	0.00633488113325625	1652
cg02944637	rs11639988	0.00297062255352942	0.000927767495085528	0.00139123686714276	0.00617507989289252	1652
cg02866468	rs12444979	0.00158804698363706	0.00117593437048002	0.177054786259039	0.00110206899928268	1655
cg02866468	rs12446632	0.00159819963972453	0.00117563598209757	0.174194488550586	0.00111675573581072	1655
cg02866468	rs12446554	0.0015979721984163	0.00117561789906138	0.174249131321465	0.00111647256754765	1655
cg02866468	rs11639988	0.00161858762150429	0.00117580378234711	0.168828652931868	0.00114507066078251	1655
cg16758037	rs12444979	0.00524744518338719	0.000460280093550447	4.90692465061379e-29	0.0729783810437768	1653
cg16758037	rs12446632	0.00526553849672566	0.000460034636859705	3.02301224670107e-29	0.0735181176289778	1653
cg16758037	rs12446554	0.00526484877680022	0.000460031698851135	3.06942594230032e-29	0.0735011443144616	1653
cg16758037	rs11639988	0.00527916197615811	0.000460017916221479	2.19250402255257e-29	0.073875869998674	1653
cg01542023	rs4788084	-0.00869456347030307	0.000399135669895858	1.0779191442142e-92	0.22303901526329	1655
cg01542023	rs8049439	-0.00804480789584354	0.000415713882810877	2.28643928408589e-75	0.184706932423745	1655
cg01542023	rs151181	-0.00891723419964885	0.000405698078939838	3.81640291017343e-94	0.226166838302229	1655
cg01542023	rs7184597	0.00804983057944756	0.000483252912089235	1.03132869995511e-57	0.143734242291349	1655
cg01542023	rs7498665	-0.00802553594936962	0.000413404295802357	8.63476254642279e-76	0.185664416570552	1655
cg01542023	rs26528	-0.00810375537573503	0.000400508450733222	1.64388835780146e-81	0.198507121362384	1655
cg01542023	rs7359397	-0.00804755245395819	0.000415986040199342	2.51657866063847e-75	0.184612573190428	1655
cg04492847	rs4788084	0.000134855492517086	0.000377244189170997	0.72078176178839	7.75356227163407e-05	1650
cg04492847	rs8049439	0.000282605274524495	0.000383436238775217	0.461207014496649	0.000329514004926336	1650
cg04492847	rs151181	6.91154646011828e-05	0.00038425089386918	0.85727621711863	1.96315665788454e-05	1650
cg04492847	rs7184597	-0.000561534641682327	0.00043511937148861	0.197047698268741	0.00100957918183618	1650
cg04492847	rs7498665	0.000223796696934741	0.000381648578309777	0.557690623957288	0.000208608611569272	1650
cg04492847	rs26528	0.000317744657176296	0.000372454818048453	0.393722684055251	0.000441428491175121	1650
cg04492847	rs7359397	0.000231474869322296	0.00038378993378098	0.546505815132359	0.000220682287385564	1650
cg06288570	rs4788084	0.0103951091691785	0.00189937555244376	5.10773470044616e-08	0.0178083070648637	1654
cg06288570	rs8049439	0.00921608604452019	0.00193538998909997	2.08570142922918e-06	0.0135402101621603	1654
cg06288570	rs151181	0.0106744764436225	0.00193425859940575	3.96000876959445e-08	0.0181017489369823	1654
cg06288570	rs7184597	-0.00852024316209395	0.00220105218794755	0.000112615847377834	0.00898900718987444	1654
cg06288570	rs7498665	0.00888670097809746	0.00192664318270058	4.28437190602195e-06	0.0127148463818728	1654
cg06288570	rs26528	0.00995150508751864	0.0018773438646728	1.3080816032968e-07	0.0167245725364978	1654
cg06288570	rs7359397	0.00890308296095067	0.00193752757854487	4.65421147866904e-06	0.012619999507439	1654
cg00184016	rs4788084	-0.000109300582956826	8.5386249828016e-05	0.200699714349465	0.00099269785651645	1651
cg00184016	rs8049439	-9.8165981311157e-05	8.67617246731526e-05	0.25803302513543	0.000775725364528211	1651
cg00184016	rs151181	-0.000108045414884011	8.69056476073966e-05	0.21395258685912	0.000936459796016667	1651
cg00184016	rs7184597	9.59022550363724e-05	9.83823611614531e-05	0.329806840032909	0.000575906943776327	1651
cg00184016	rs7498665	-0.000106556574979388	8.63315806696594e-05	0.217277767502564	0.000922995168328142	1651
cg00184016	rs26528	-0.000129107540311015	8.43182199453266e-05	0.12591329681838	0.00141978523950607	1651
cg00184016	rs7359397	-0.000101069897031235	8.68230796090132e-05	0.244555850054415	0.00082109966127081	1651
cg09439788	rs4788084	0.00036339317647301	0.000290564952584833	0.211242312668464	0.000949346503283556	1648
cg09439788	rs8049439	0.000134887978962468	0.00029577467101535	0.648414330866704	0.000126339697401557	1648
cg09439788	rs151181	0.000376227021710319	0.000295942173520031	0.203806680557381	0.000980912358470697	1648
cg09439788	rs7184597	-0.000160952363291632	0.000335820422054527	0.631802372132078	0.000139537222550172	1648
cg09439788	rs7498665	0.000213335964371155	0.000294326872645186	0.468661398475016	0.000319080226175394	1648
cg09439788	rs26528	0.000337943119425034	0.000287196389287575	0.239486616212671	0.000840493308300061	1648
cg09439788	rs7359397	0.000192885048273659	0.00029599355565941	0.51471611031879	0.00025792340681719	1648
cg04414917	rs4788084	-0.00868278224289501	0.00063747568706808	4.17996271836711e-40	0.101514585580398	1644
cg04414917	rs8049439	-0.0095074296082502	0.000642377587999912	1.27828510863768e-46	0.117702902927365	1644
cg04414917	rs151181	-0.00890042878575188	0.000648837687949845	1.26424507142186e-40	0.102815444882595	1644
cg04414917	rs7184597	0.00925333937525293	0.000741011076900339	2.97847728401492e-34	0.0867307794719327	1644
cg04414917	rs7498665	-0.00955933096388501	0.000638232618616598	1.23373152911234e-47	0.120200813502621	1644
cg04414917	rs26528	-0.00797033514838582	0.000634771369674102	1.35026359564242e-34	0.0876048815486263	1644
cg04414917	rs7359397	-0.00960955922903994	0.000641850793144479	1.33880081763778e-47	0.120113609741958	1644
cg06434738	rs16953002	0.00400643953064169	0.0020626818703391	0.0522667798406982	0.00230074787237083	1638
cg06434738	rs16953002	0.00400643953064169	0.0020626818703391	0.0522667798406982	0.00230074787237083	1638
cg06772063	rs16953002	-0.000717113124794592	0.00105096406094182	0.495121187924289	0.000283295057639607	1645
cg00120147	rs6499766	-0.002885112985408	0.000825161238653015	0.000484002831072874	0.00734133591925601	1655
cg02954676	rs684232	0.000242169801731498	0.000235607855874469	0.304170327715356	0.000639105781810826	1654
cg10434344	rs684232	0.000948733172067333	0.000213701655055961	9.61653100525308e-06	0.0118537580931568	1645
cg06999891	rs4790881	-0.00042522562723447	0.000441920824193921	0.336079272830094	0.000560139952578273	1654
cg06999891	rs4790333	0.000137480630962294	0.000418382630356893	0.742499517095149	6.53577831199976e-05	1654
cg06999891	rs4523957	0.00072201050896149	0.000423166568979593	0.0881571709936757	0.00175909646386138	1654
cg06999891	rs17761864	0.000484978135222634	0.000428371032688403	0.257737767980019	0.000775277634824151	1654
cg06999891	rs391300	0.00049118549870425	0.000429342075858378	0.252771831312856	0.000791644472522522	1654
cg06999891	rs10852932	-0.000613387917551943	0.000426479496437888	0.150550025673692	0.00125060628331325	1654
cg06999891	rs1231206	-0.000754519235606416	0.000427109755110591	0.0774849256831058	0.00188552355516162	1654
cg06999891	rs216172	-0.000760625019425235	0.000427439720388614	0.0753431441430879	0.00191315319993391	1654
cg05892146	rs923375	-0.0194276425660914	0.0044078540267215	1.11305254838864e-05	0.0116294327764178	1653
cg14314889	rs923375	-0.00197918917150017	0.00119654723448973	0.0983002712508351	0.00165143547769117	1656
cg25373903	rs7216064	-0.00130324231264114	0.000399939608078338	0.00114237289740189	0.00638274919828167	1655
cg21843902	rs3744028	0.000296610212316356	0.000382735898240889	0.438467810362108	0.000368773085295388	1630
cg21843902	rs1055129	0.000325673490690397	0.000321106902667321	0.310627827665892	0.000631446869103836	1630
cg03752138	rs4129767	-0.00960771680679994	0.00159450889836797	2.07455776450161e-09	0.021517532501713	1653
cg00029678	rs6565681	6.61068623417712e-05	0.000485410319093968	0.891689678327944	1.12952805345279e-05	1644
cg25405318	rs6565681	0.000530061655771071	0.000484990299309606	0.27458346785316	0.000725613788714733	1647
cg25841344	rs6565681	0.000356215799080191	0.000237784977292898	0.134308873225221	0.00135498086896346	1656
cg12813919	rs6565681	-0.000152978287454494	0.000286423369033099	0.593346318821025	0.000175191164855092	1630
cg18469159	rs7503807	0.000458320202722358	0.000230226971582754	0.046675265584565	0.00239897256565588	1650
cg22878693	rs7503807	0.0155823199790151	0.00126788145902027	2.8338957257e-33	0.084286491162569	1643
cg21028142	rs9894429	0.12953050966091	0.00171074450943932	0	0.776405211819512	1653
cg04055490	rs3027234	0.0349666370620939	0.00244731492846323	9.41786823967341e-44	0.109980906156981	1654
cg20391365	rs3027234	0.00503968987724224	0.001782401332295	0.00474914368186998	0.00488967852002862	1629
cg06382303	rs3027234	-0.0678851443398994	0.00745298373837843	5.0958115280663e-19	0.082718727311492	922
cg16597406	rs3027234	-0.0654728104998483	0.0042290433558241	1.37171245398774e-50	0.126636749082462	1655
cg16657453	rs11868035	0.000548425179323667	0.000928763527078892	0.554943338135727	0.000211275315029781	1652
cg11293112	rs11868035	-0.000172486514068983	0.000702346421883475	0.806033142284549	3.64853773863368e-05	1655
cg26299514	rs11868035	0.000573940735096927	0.000693610948617872	0.408092563439197	0.000418092066922186	1639
cg13311328	rs17780086	-0.00434678392405092	0.00166390281845883	0.00907259730152591	0.00412658437787444	1649
cg00397422	rs16971217	0.00257176271095338	0.00134043032571828	0.0552056963338377	0.00222061016918601	1656
cg05299278	rs16971217	-0.0069562958195817	0.000619944456946543	3.27076553124267e-28	0.0707380633057261	1656
cg23896850	rs4796217	0.129496883162133	0.00540479590000672	2.72559091189525e-108	0.268874249605453	1563
cg04198914	rs4430796	-0.0887798876055561	0.00455006307928987	1.84439285078452e-76	0.187384048113601	1653
cg04198914	rs757210	-0.10637981183602	0.0047539948641688	4.39673856249992e-97	0.232709357752308	1653
cg24703533	rs17608766	0.00313177003508898	0.000983759962280488	0.00148304824329301	0.00625919556411264	1611
cg08085267	rs8070463	-0.0222115578244706	0.00229790072640221	1.56382023503525e-21	0.0540559149317157	1637
cg08085267	rs7206971	-0.0318287387471595	0.00223482896751607	1.78279996157991e-43	0.110367941541279	1637
cg01847110	rs46522	-0.00256976227362721	0.000349033324533184	2.85235177529787e-13	0.0322235051431665	1630
cg24070195	rs46522	-0.00303071536110753	0.000397423884295616	4.06248940139385e-14	0.0339656127453298	1656
cg26023938	rs46522	-0.00443196896837528	0.000830513627022105	1.08061959725958e-07	0.0170986239126554	1639
cg07925134	rs46522	0.000202337852488703	0.00037657832566885	0.591128779875252	0.000175362866385989	1648
cg07967210	rs46522	0.0615005056436426	0.00349185314610479	9.09603497224172e-64	0.158008449462379	1655
cg11746480	rs46522	-0.000220461144242405	0.000176183054452303	0.210997028384746	0.000955590797361018	1639
cg12731833	rs46522	0.00101922657002742	0.000484900405177251	0.0357105854302635	0.00266887772963426	1653
cg19206150	rs46522	-0.000105322462823667	0.000254463612833329	0.679001806569515	0.000104960258965275	1634
cg23450974	rs46522	-0.0024766836191567	0.000497258895291811	7.00084586995958e-07	0.014820762127475	1651
cg10950924	rs1994969	-0.13926729473427	0.00348258390953779	3.25628266537039e-244	0.495380003965333	1631
cg10950924	rs9674544	-0.13041308744776	0.0036413446657445	1.09181939711571e-207	0.440529436429185	1631
cg11673840	rs1994969	-0.118314311938581	0.00295002148000188	4.26099580450526e-246	0.493633848330595	1652
cg11673840	rs9674544	-0.111452544246204	0.00306583709937623	4.8156009837908e-213	0.444733220037839	1652
cg18128536	rs1994969	-0.162327303086529	0.00363158893744967	1.42969786541899e-286	0.547694113555974	1652
cg18128536	rs9674544	-0.15270099802834	0.00381893227486475	4.9809166753615e-245	0.492123446787264	1652
cg22947322	rs1994969	-0.119154893546627	0.0030854288247394	4.77783445795953e-233	0.474453586961719	1654
cg22947322	rs9674544	-0.111154841416729	0.00321917754112087	3.80516135121428e-197	0.419178808528504	1654
cg17815187	rs62103177	0.000502824968932286	0.000888395659681028	0.571476268521534	0.000194583705251344	1648
cg15592324	rs4800250	0.000137080164507376	0.000330391599556983	0.678267882391516	0.000105018709150007	1641
cg05348870	rs1077667	0.0024578398965866	0.000755547894658675	0.00116485266325205	0.00639193551733666	1647
cg25508633	rs1551570	-0.00347976011333439	0.00240997760629842	0.148958985856151	0.0012704031555667	1641
cg25508633	rs2305795	-0.00341430703817101	0.00241678290206697	0.1579194685708	0.0012162486799025	1641
cg04517722	rs265548	0.0505968564136704	0.00476830616635538	1.73149051282237e-25	0.0641349097233566	1645
cg16024904	rs265548	0.0127873161557185	0.00154763858311271	2.90079311942202e-16	0.0398468784558461	1647
cg16744531	rs265548	0.10188937308478	0.00844897498195828	3.73480661495907e-32	0.0810445017799192	1651
cg23771661	rs265548	0.0329512134673787	0.00356853560538002	7.75255792429923e-20	0.0490509208829098	1655
cg06394874	rs412658	-0.0556165047025368	0.00333701628642413	9.07380971324429e-58	0.14386641205563	1655
cg25228280	rs412658	0.00297575587057722	0.00124432353810341	0.0168924485444716	0.00344582622792389	1656
cg06570930	rs8102476	-0.0017857294889419	0.000340901211162449	1.82912505547573e-07	0.0163384149147226	1654
cg18613238	rs492602	-0.00117161700453874	0.000579730755104106	0.0434459343296882	0.00249334514747254	1636
cg18613238	rs2287921	-0.000817305834433021	0.000561970636812809	0.146039454339669	0.0012927902946088	1636
cg18613238	rs503279	-0.000866162286063181	0.000581344857506276	0.136436021521284	0.00135671680025763	1636
cg18613238	rs1047781	-0.000356505279666392	0.00228030622401491	0.875783579375386	1.49584652865538e-05	1636
cg18613238	rs281408	0.000506217566913487	0.000549092281084948	0.356707913799346	0.000519883283989172	1636
cg18613238	rs281379	-0.000991586034415857	0.000581567305866524	0.0883800854465707	0.00177597481042623	1636
cg18613238	rs838145	0.000345443377958214	0.000596791402581154	0.562780712227331	0.000205006453696406	1636
cg18613238	rs838133	0.000110629184762749	0.000621687288316614	0.858784386683614	1.93791614427588e-05	1636
cg18613238	rs281377	0.00134236120238857	0.000570975930670947	0.0188415767998387	0.00337120033523869	1636
cg18613238	rs516246	-0.00116524753893501	0.000580320801108173	0.0448143370482549	0.00246137498019331	1636
cg27517861	rs2303759	0.00025010502401248	0.0003147760098188	0.426990325781376	0.000383393910961419	1648
cg24679453	rs2651899	0.000316657460590116	0.000213353132880841	0.137948896676746	0.00133650548179561	1648
cg24460544	rs2651899	-0.00280853079536386	0.00246733885280193	0.255167321039577	0.000784175041562885	1653
cg03108114	rs4660306	-0.00146469992601193	0.000804831604317446	0.0689592725789916	0.00201911390334844	1639
cg15896098	rs4660306	-0.00243268252050211	0.000785630153600531	0.00199156502446463	0.00581597336480296	1641
cg06530443	rs4660306	0.0188966001082804	0.00182477834121826	2.15890330646211e-24	0.060922233241055	1655
cg06070002	rs4660306	0.000611412995177485	0.00212600940554834	0.773698849761024	5.00618831364449e-05	1654
cg18187675	rs2207790	-0.00183706329616325	0.000907907370681894	0.0431922663336324	0.00247218023639241	1654
cg26877327	rs1168029	0.00198430180508654	0.000444673851041673	8.65659602530267e-06	0.0119746491082696	1645
cg26877327	rs10889332	-0.00198551119410199	0.000447936356241423	9.92797970396084e-06	0.0118171245841989	1645
cg26877327	rs10889353	-0.00188711902443476	0.000449784953236392	2.86684438764858e-05	0.0106004157877219	1645
cg26877327	rs2131925	0.00198554224368899	0.000449009075581019	1.04180282808818e-05	0.0117617547132629	1645
cg26877327	rs1167998	0.00197254493118331	0.000444122232597943	9.53193905423557e-06	0.0118639136394769	1645
cg26877327	rs1168013	0.00196072895970712	0.000448878507009648	1.3319013879116e-05	0.0114795692066179	1645
cg26877327	rs11207995	-0.00191016396105199	0.000448801340162634	2.19728285187758e-05	0.0109051931481233	1645
cg26877327	rs1748195	-0.00199145386602687	0.000448587309171022	9.62236938160093e-06	0.0118530604851347	1645
cg10432846	rs3790567	0.000186881501558039	0.000496931188024909	0.706912645579989	8.62826934094081e-05	1641
cg06318676	rs1192415	0.000753532078929143	0.000630062788963876	0.231882651907784	0.000866115024637646	1652
cg05036103	rs10874746	1.72259393475547e-05	0.000529448449599624	0.974048885041753	6.49427357010463e-07	1632
cg05036103	rs7515577	0.000519421216773165	0.000594791715371461	0.382637728649508	0.00046764769734816	1632
cg05036103	rs11810217	0.000594605144935913	0.000573662808931188	0.300119717704139	0.000658673480587208	1632
cg11668188	rs2797685	0.000945193204945066	0.00181664373265381	0.602927789164722	0.000166357292999181	1629
cg00908766	rs602633	0.151163968943953	0.00270335859866914	0	0.655535472665395	1645
cg00908766	rs7528419	-0.15336358231466	0.00253917597924897	0	0.689474689570705	1645
cg00908766	rs646776	0.152350231558559	0.00252119801855782	0	0.689678469399452	1645
cg00908766	rs660240	0.152801994662638	0.00266036437059388	0	0.667540175827406	1645
cg00908766	rs12740374	-0.152919705365631	0.00253107315501741	0	0.689602171687736	1645
cg00908766	rs629301	0.15239839330628	0.0025159519003928	0	0.690704431682381	1645
cg00908766	rs599839	0.149827873465762	0.00257287003323828	0	0.67363039567595	1645
cg06205333	rs494453	-0.170314355193674	0.00648388666519048	2.16621131763484e-127	0.294360273142054	1656
cg09184981	rs494453	-0.0254012198006782	0.0012702158270686	7.70051803734091e-80	0.194988542769706	1653
cg23301687	rs494453	-0.00499834134928914	0.00225641089345449	0.0268846177558149	0.00297230136605696	1648
cg24160066	rs494453	-0.0332138855575329	0.00269871737673148	2.27819096082988e-33	0.083941179282291	1655
cg24660640	rs494453	-0.0196051955384284	0.00174573273136621	2.96336735650414e-28	0.0708894163393072	1655
cg16908770	rs3790455	-0.00237972185922265	0.000908892391964151	0.00891901062909667	0.00415510117541439	1645
cg16908770	rs2274316	-0.00234829040546428	0.000904118006834504	0.00947913345030578	0.00408918027010841	1645
cg00346446	rs12145743	0.013822997615809	0.00206145078735566	2.74865276339806e-11	0.0265276155594164	1652
cg05375405	rs12145743	8.32666878358263e-05	0.000121451559898282	0.493064297954866	0.000284792625546339	1652
cg15124109	rs12145743	0.000376269932660094	0.000226695768960927	0.0971453805178255	0.00167498531067386	1644
cg25827666	rs12145743	0.00188596757375375	0.00128979731174067	0.143871101298453	0.00129256903110394	1654
cg26817972	rs7518099	0.000970714201723388	0.00110461437272519	0.379648411318156	0.000469521642401997	1646
cg26817972	rs4656461	0.0010244455453282	0.00110514714158474	0.354074743929879	0.000522406769819432	1646
cg26817972	rs7555523	0.000967054834700708	0.00110232482441304	0.380459149996659	0.000467926828879051	1646
cg10375409	rs864537	-0.00994425096033408	0.00139317659658091	1.42620634049702e-12	0.0305273329395883	1620
cg10375409	rs2056626	-0.0149145286289745	0.00135317993455136	2.72868479971956e-27	0.0698374387825341	1620
cg24461337	rs10489202	-0.000455926851473045	0.000271762529644656	0.0936012974693541	0.0016998065158569	1655
cg18315312	rs10489202	-0.0129468643654423	0.00204492518918771	3.1973888402584e-10	0.025776290015787	1517
cg20284239	rs10489202	-0.042926891981849	0.00220929925707954	6.81548191033286e-76	0.186201347761444	1652
cg07136905	rs1320976	-0.0068843014661356	0.00195679322732042	0.000446344365664162	0.00745009112922217	1651
cg03448362	rs7517810	0.000299508629943962	0.00353699509102211	0.932527062963833	4.37490788604219e-06	1641
cg03448362	rs9286879	0.000528215234551889	0.00354222632001328	0.881477636151587	1.35670176027806e-05	1641
cg00124920	rs4650994	-0.00385842571453664	0.00145579186249044	0.00811719783461434	0.00427280821022122	1639
cg05959980	rs10911021	0.00214687974322711	0.00126096762833767	0.0888375670258451	0.00175160485083011	1654
cg00930707	rs4950806	-0.0293761344911361	0.00109646695804616	1.47211153006676e-131	0.303404323600533	1650
cg03981535	rs4950806	-0.0848743908996326	0.00235020632860284	4.90711557328616e-211	0.441023683534565	1655
cg04833017	rs4950806	-0.0406039649107154	0.00104333954124009	1.10646799722438e-235	0.478297682590099	1654
cg10718078	rs4950806	-0.000951184814968651	0.000611017157672893	0.119728953632082	0.00147459766652767	1643
cg19676312	rs4950806	0.000413267524793135	0.000388348717302717	0.287409753778051	0.000688363666907346	1646
cg21827626	rs4950806	0.000140662644985026	0.000283728986336984	0.620126961842845	0.000149117348598158	1650
cg20634475	rs1541252	-0.00138310031737161	0.000680876665817037	0.0423797594337397	0.00250216830369474	1647
cg20634475	rs10900585	-0.00142552853808442	0.00068061155026255	0.0363697377101662	0.00265968787346284	1647
cg01790353	rs2240335	0.00923676221766672	0.0011510798525462	1.92344277875286e-15	0.0377354853570082	1644
cg01790353	rs2301888	0.00299972316538424	0.00116360374216933	0.0100250346744244	0.00403111098346353	1644
cg01832549	rs12045440	-0.00967823215092206	0.00230990997089729	2.93839286415192e-05	0.0105022240880205	1656
cg21402096	rs6691170	-0.00156968711750077	0.00227781228064631	0.490845404831671	0.000290900065316641	1634
cg17131975	rs6691170	-5.58430413962087e-05	0.000312396801235012	0.858150761298101	1.94718821529056e-05	1643
cg04250837	rs12042938	0.0426199134376825	0.00357437134504587	1.73369014892107e-31	0.0801362706196136	1634
cg10122294	rs12042938	0.0383515073413536	0.00410275057196977	3.05484974974355e-20	0.0539259285068532	1535
cg13055709	rs514230	0.000852504302640083	0.000299667958674615	0.00449879313059594	0.00491951253011065	1639
cg15924102	rs514230	-1.403475989421e-05	0.000192380466386879	0.941852224404435	3.21774130272109e-06	1656
cg22699768	rs514230	-1.12309941171137e-05	0.000220113182675289	0.959312777694148	1.57401223504303e-06	1656
cg00883837	rs4481887	-0.00122968544545955	0.00150412038077093	0.4137351116335	0.000404179657494327	1655
cg01960748	rs4649203	-0.00283294406849293	0.00128811505663556	0.0279983035124312	0.0029860384822012	1617
cg07201717	rs4601530	-0.00335136561592566	0.00276559632462447	0.225759924720981	0.000887580075542219	1655
cg11653912	rs4601530	0.0049582728997793	0.00142515377200263	0.00051624447022205	0.00733543748372571	1640
cg20017683	rs10903129	-0.00400414050834838	0.000797596327069086	5.83374358862147e-07	0.0179482631651891	1381
cg20017683	rs12027135	-0.00398699590701812	0.000797210040009103	6.43018438390464e-07	0.0178145674935317	1381
cg20017683	rs3091242	-0.0037014431889155	0.000817206628268783	6.42627514862894e-06	0.0146588788809947	1381
cg22860775	rs11809207	-0.00370976984782816	0.000656022399382626	1.83628761212329e-08	0.0191604579139784	1639
cg19084893	rs4478858	0.0404982093649815	0.00242951109513117	8.87660832968953e-58	0.144130949222324	1652
cg11793106	rs4478858	-0.0021633982962831	0.00193821869897453	0.264507904485311	0.000753125501485529	1655
cg17221945	rs4660293	0.00083357823056927	0.000636325532693867	0.190383885627501	0.00104656300070343	1640
cg17221945	rs3916164	0.000551939878385128	0.000587222913203527	0.347399522701086	0.000539050549887669	1640
cg17221945	rs12037222	0.000641440660259478	0.000650945486060531	0.324573929176973	0.000592451032220649	1640
cg26661785	rs3011225	-0.000212718152699868	0.000278107813783393	0.444454355529564	0.000354227100353552	1653
cg04131194	rs3011225	0.108159960939086	0.00266412249751776	2.32874269038869e-250	0.500038830873463	1650
cg03030267	rs965808	-0.00847166993190634	0.00230713186352747	0.000248364997782273	0.00809081511579851	1655
cg15428904	rs965808	-0.0109651835803991	0.00108873180778799	3.41036381173522e-23	0.058015010470878	1649
ch.20.501606F	rs35610040	-0.000156331908323802	0.0001564412634527	0.317800295629075	0.000624908215035822	1599
ch.20.501606F	rs1158167	0.000228637234919776	0.000150587929886557	0.129137417307763	0.00144139242605694	1599
ch.20.501606F	rs13039536	-0.000204553672902165	0.000153401875345651	0.182574457684918	0.00111215428300809	1599
ch.20.501606F	rs911119	0.000196214755146203	0.000153196513070416	0.200448378191545	0.00102615925056365	1599
cg03547924	rs224333	-0.0119011566717294	0.00111247780054201	7.15460899164386e-26	0.0647514960055286	1655
cg03547924	rs143384	-0.0106128686747015	0.00109426568047224	1.1405579360694e-21	0.0538407861537966	1655
cg03547924	rs6088813	0.0116637767003617	0.00110610570783349	3.31831694157481e-25	0.0630287287644797	1655
cg03547924	rs1204660	0.00331663843711656	0.00155794050545738	0.0334132614356747	0.00273421453214469	1655
cg03547924	rs6060369	-0.011362845893132	0.00110775966444315	5.62929015762985e-24	0.0598426516916327	1655
cg03547924	rs6060373	-0.011362845893132	0.00110775966444315	5.62929015762985e-24	0.0598426516916327	1655
cg09618904	rs224333	-0.0180014339513552	0.00210896597210722	3.14755707216463e-17	0.0429115089321525	1627
cg09618904	rs143384	-0.016097435205249	0.00206842461002209	1.25629909416021e-14	0.035932549576149	1627
cg09618904	rs6088813	0.0176157842626444	0.00209661306924177	9.44354919287237e-17	0.0416337503977751	1627
cg09618904	rs1204660	0.0144686514436782	0.00290275478490229	6.87731106395019e-07	0.0150588677322549	1627
cg09618904	rs6060369	-0.017339557244555	0.00209754833561391	2.83032377229169e-16	0.0403560647753844	1627
cg09618904	rs6060373	-0.017339557244555	0.00209754833561391	2.83032377229169e-16	0.0403560647753844	1627
cg14947478	rs224333	-0.0260469553340134	0.00194085228870254	4.83806681012622e-39	0.0988451231967413	1644
cg14947478	rs143384	-0.023675317097525	0.00191079986169739	9.05419697802533e-34	0.0855010170253436	1644
cg14947478	rs6088813	0.025718251294063	0.00192999837021403	1.52801141146174e-38	0.0975888674758193	1644
cg14947478	rs1204660	0.0110997204106989	0.00275921941230437	6.01284686449233e-05	0.00975931238633712	1644
cg14947478	rs6060369	-0.0257241752972208	0.00192953144733542	1.41600033807015e-38	0.0976720810325925	1644
cg14947478	rs6060373	-0.0257241752972208	0.00192953144733542	1.41600033807015e-38	0.0976720810325925	1644
cg22294908	rs4297946	6.91882220137545e-05	0.000259224186564121	0.789575789409099	4.33040574796315e-05	1647
cg22294908	rs6029526	-2.48862803275847e-05	0.000255501765838753	0.922419341154932	5.76718335082677e-06	1647
cg06728970	rs2835872	0.00675014898601668	0.00352481337502553	0.0556614261037478	0.00222985378120634	1643
cg05030251	rs2835872	0.00322688914367748	0.00120056701903448	0.00726469607974559	0.00436190421553833	1651
cg22778903	rs45430	0.0869619220990037	0.00429083507037293	9.57517888439497e-82	0.199029805780061	1655
cg19116956	rs2838519	-0.0100619931182226	0.00155761122691966	1.39248827195398e-10	0.0257954920213755	1578
cg19116956	rs4819388	-0.00364463281145517	0.00162015970500045	0.0246149563197954	0.00320068860889182	1578
cg19116956	rs7282490	-0.0100138202660771	0.00155781250532703	1.70757915390487e-10	0.025548948341272	1578
cg19116956	rs762421	-0.00996110248029976	0.00153611472801137	1.18729467219423e-10	0.0259881600694923	1578
cg00087182	rs2739330	-0.00481927791372314	0.000338403483107209	1.70561614088029e-43	0.109343841212938	1654
cg22666875	rs2739330	-0.020697880750878	0.00141726367144098	5.15709185256288e-45	0.134283712900096	1377
cg01238044	rs2739330	-0.0502357289278967	0.00336848155187774	8.84477941663283e-47	0.137510723407247	1397
cg01500431	rs2739330	0.000173238801655811	0.000579975945737229	0.765214775607473	6.58419201010899e-05	1357
cg01744396	rs2739330	0.000830564946198676	0.000327933839953539	0.011431098006894	0.00475015277539646	1346
cg01957799	rs2739330	0.00448854641469928	0.00138709974118726	0.00124162792647884	0.0076238879593485	1365
cg05380919	rs2739330	0.00169928084156196	0.000699162070909633	0.0152084583873055	0.00432151078659488	1363
cg05802560	rs2739330	0.0225087171709889	0.00171462044075525	2.33863397736486e-37	0.102436288179012	1512
cg06180910	rs2739330	-0.0194489466151898	0.00160424210036943	3.38169002293463e-32	0.0974023511007125	1364
cg08219170	rs2739330	0.00329709391926722	0.00224911620306307	0.14289231602178	0.00157419594387747	1365
cg10546252	rs2739330	-0.00146595173675176	0.000728008202762823	0.04424395973292	0.00298352607904853	1357
cg11478607	rs2739330	0.0118173960914058	0.00266274689871623	9.8096078148233e-06	0.014244821804702	1365
cg15254640	rs2739330	0.00535478678289414	0.00192059801962063	0.00537582243768517	0.00567495839033424	1364
cg16997375	rs2739330	0.00930236314171927	0.00395028584790828	0.0186716465783513	0.00407284065566695	1358
cg20064778	rs2739330	0.00470656937621456	0.000998815543782087	2.69947600632019e-06	0.0158806286855988	1378
cg24238852	rs2739330	0.00865516053709941	0.00146782320341529	4.67577286919114e-09	0.0249466189604586	1361
cg24336839	rs2739330	0.0100095859030089	0.00216649091267832	4.20128354573045e-06	0.0156113342852744	1348
cg07176064	rs138777	0.000433287540255841	0.00223795239035277	0.846505887650046	2.26623721546402e-05	1656
cg26744236	rs138777	0.000560155685151426	0.000430409338190421	0.193286368392078	0.00102423364000013	1654
cg09135399	rs139371	0.000578875184543073	0.000110168409795502	1.67954396302911e-07	0.0165860657117416	1639
cg09135399	rs877529	0.000505883811182656	0.000116060646172371	1.3892249459808e-05	0.0114728552739899	1639
cg24515575	rs139371	0.000445186328113976	0.000523988288711494	0.395665355429354	0.000440220532677612	1641
cg24515575	rs877529	-0.000539867979296115	0.000549330433245469	0.32586344805484	0.000588942662565566	1641
cg01416388	rs909674	-0.0540033120427014	0.00152270985929062	3.08522553056445e-205	0.432706616115799	1651
cg01416388	rs4821897	-0.0558357639494347	0.00143446323778086	1.23917762412884e-235	0.478843492164288	1651
cg05872129	rs909674	-0.0841393348794585	0.00186198427688753	2.26273395849575e-290	0.554433850943506	1643
cg05872129	rs4821897	-0.0876329248727953	0.00168322378388948	0	0.622889461995852	1643
cg11247378	rs909674	-0.298363113190664	0.0051801347434491	0	0.667436460314731	1655
cg11247378	rs4821897	-0.31018732552449	0.0044387566498441	0	0.74710985993771	1655
cg24399712	rs909674	-0.16402978472605	0.00327749931644251	0	0.602426896019096	1655
cg24399712	rs4821897	-0.171021726530894	0.00289985081999501	0	0.677851479013514	1655
cg11312108	rs3788556	0.00935548511508236	0.00131347833001985	1.57312798509149e-12	0.0297598366590617	1656
cg09322432	rs1065852	0.00253631894225393	0.00103971607187733	0.01481501062003	0.00359360861863223	1652
cg09322432	rs1058172	0.00233280001397749	0.00132260113847642	0.0779511884476027	0.00188189428577687	1652
cg15597984	rs1065852	0.0244642365926946	0.00198493184323811	1.87789416270587e-33	0.0843492700639397	1651
cg15597984	rs1058172	0.0314401536893042	0.00251800207473148	2.98091570168813e-34	0.0863779822802924	1651
cg17498424	rs1065852	0.00863829084247975	0.0016148992169073	1.00852015634174e-07	0.0171581120824471	1641
cg17498424	rs1058172	0.010207862248857	0.00205956997006274	7.92791535394502e-07	0.0147664714191821	1641
cg02412616	rs6519955	0.0308557343144257	0.0013157666234657	3.51087345034008e-105	0.250206464331613	1650
cg05468064	rs6519955	0.0583319873624915	0.0023712427354564	4.29469389291356e-114	0.26834066560931	1652
cg11242978	rs6519955	0.0291370525913621	0.00138725115711796	5.25367763736338e-87	0.210656256289955	1655
cg02899253	rs6519955	-0.00312823468196903	0.000890418543922142	0.000454723082323973	0.00746981995907727	1642
cg03684807	rs6519955	-0.0512639380802242	0.00321987191880771	3.30680058678321e-53	0.132957879531187	1655
cg01566584	rs4253776	-0.00473500182990358	0.0021682993777838	0.0291220424101815	0.00288703849390618	1649
cg01566584	rs4253772	-0.00511305770661177	0.00218512855985859	0.0194060083662837	0.00331338900569574	1649
cg15383141	rs2298948	-0.000291514413027558	0.000312540366120858	0.351098519343949	0.000528581924257133	1647
cg04837101	rs10187424	-0.00163108909051703	0.000439804962303531	0.000215268157708575	0.00828688555453976	1648
cg17787988	rs11123170	-0.000102134984292977	0.000360811530956652	0.777158614608543	4.86489541561843e-05	1649
cg07594247	rs11123170	0.111814285420399	0.00365943523337092	7.40265223587825e-163	0.361499149252261	1651
cg11763394	rs11123170	0.128111009769632	0.00328318071743136	1.24898638140902e-236	0.479467013837266	1655
cg17445212	rs11123170	0.108458380324613	0.00369882426378806	1.76538801071682e-152	0.342577819949163	1652
cg19083407	rs11123170	0.107763715524988	0.00390006227618319	1.86476264880729e-138	0.316211046283894	1653
cg21482265	rs11123170	0.119957687266334	0.00401674168493855	6.01878598840695e-157	0.351566719238968	1647
cg21550016	rs11123170	0.136546417294642	0.00345740381887698	1.07869869566036e-240	0.485944384576888	1652
cg02675527	rs11123170	-0.138001245949958	0.00404755173828125	2.15442571690615e-193	0.412886347651173	1655
cg01577475	rs11123170	-0.0324183715808754	0.00126140535446099	7.70834375878795e-123	0.285374918704189	1656
cg06675538	rs11123170	-0.0364838300903324	0.00180824214419852	4.21432236793441e-81	0.197702832284494	1654
cg23156509	rs11123170	-0.00789957268875256	0.000567211100321753	9.23162621076648e-42	0.10547387092086	1647
cg25243455	rs11123170	-0.0160291444757079	0.00108745564222483	2.75471281957401e-46	0.116481279726043	1650
cg14549427	rs11902236	0.000210044479537657	0.000187909946394381	0.263817612310988	0.00075484807318696	1656
cg02272334	rs11902236	0.00111904279526772	0.000886437916214338	0.206981834037302	0.000964924946510306	1652
ch.2.151427551F	rs10195263	0.000116384017740512	0.000249916887408842	0.641498951842246	0.000132948603797717	1633
cg24394340	rs13030978	0.0162127907983175	0.00198150053898883	5.51906064643074e-16	0.0390597927144108	1649
cg19727026	rs1250229	0.00117501412539939	0.00156088338316923	0.451685682440337	0.000346267357862081	1638
cg05991184	rs2382817	-0.00476966174727979	0.0007804390202123	1.22828230129983e-09	0.0220832799676971	1656
cg21044572	rs7349332	-0.00782833576419387	0.00402315422295383	0.0518462168000504	0.00229358422530594	1649
cg15849831	rs2272205	0.0328857749075935	0.00318729778182285	3.79676492684773e-24	0.0673578815227896	1476
cg06266189	rs778371	-0.0474361846117289	0.00499576262952298	7.4387071166694e-21	0.0520208147051232	1645
cg07026910	rs35349669	0.00513185546266151	0.00191639261159651	0.00748555413682589	0.00449826411536804	1589
cg02234120	rs6742078	0.00444885693326161	0.00138144529839572	0.00130481075928698	0.00623130916466565	1656
cg02234120	rs4148325	0.00445014693476405	0.00138117767184967	0.00129778079756838	0.00623730224271727	1656
cg02234120	rs11891311	0.00228850751818559	0.0013944377175679	0.100952524996976	0.00162578942076611	1656
cg02234120	rs887829	0.00444532377779221	0.00138198754465067	0.00132219713362241	0.00621662628910046	1656
cg09505117	rs6742078	-0.000937069064607487	0.000408028880002142	0.0217676298403681	0.00318248972657004	1654
cg09505117	rs4148325	-0.000938226962100027	0.000407949051009141	0.0215801397179678	0.00319157915025001	1654
cg09505117	rs11891311	-0.000652664679440358	0.000411141504431737	0.112603175455727	0.00152308998556955	1654
cg09505117	rs887829	-0.000934209442678863	0.000408190827060104	0.02222493093567	0.00316065542398209	1654
cg11272349	rs6742078	-0.00734752447139211	0.00101909418990609	8.5692278253157e-13	0.031183331166708	1617
cg11272349	rs4148325	-0.00734315997075574	0.00101891608397385	8.75550068403999e-13	0.0311580000776745	1617
cg11272349	rs11891311	-0.0110618666276827	0.00100746235587627	4.22104719643021e-27	0.0694640067679294	1617
cg11272349	rs887829	-0.00735665189285329	0.00101945584488169	8.18790774414297e-13	0.0312369492318239	1617
cg06526980	rs13025591	0.00175358735594929	0.00115614769518315	0.129531182377748	0.00146409385515611	1571
cg16096176	rs13025591	-0.000521717264948566	0.000643477776333111	0.41761127509846	0.000401157725306976	1640
cg07702216	rs13424612	-8.17977593382096e-05	0.000440688347129265	0.852770544677341	2.08419224566149e-05	1655
cg05703502	rs1026364	-0.000117823513920334	0.000368145238083011	0.74897419076146	6.27208798637167e-05	1635
cg27576434	rs3792366	0.000132228565570716	0.000480240209738413	0.783090811421854	4.60277710426195e-05	1649
cg02357541	rs10934853	0.0204180255959259	0.00395398475854374	2.71613504626552e-07	0.0161253709775093	1629
cg04920630	rs10934853	0.00126558324807539	0.00137095561566295	0.356070899524774	0.000521581143266771	1635
cg06061360	rs10935120	0.000264994574518878	9.14520995822272e-05	0.0038094331053392	0.00505374554292193	1655
cg12372414	rs10935120	0.000416076029413223	0.000137026090078862	0.00243112523874163	0.00555692893961903	1652
cg09255102	rs1511412	0.00113593336727017	0.002282892516077	0.618842910894425	0.000150305856892717	1649
cg23665837	rs11711441	0.000173299998427515	0.000787993316058986	0.825956241983289	2.93482423549983e-05	1650
cg23665837	rs10513789	-0.000585383689492442	0.000717477052292053	0.414679893058812	0.000403768660817396	1650
cg01324343	rs1401999	0.274885254163963	0.00301915615644483	0	0.834080672441181	1651
cg05044414	rs1401999	0.0593639262351012	0.00106014111230166	0	0.655488146064589	1650
cg10516336	rs1401999	-0.0010303767428241	0.000568441301540243	0.0700703187693876	0.00199337206494745	1647
cg19947439	rs2239612	-0.00080027089985266	0.000628912721462986	0.203386402522972	0.000980355015319551	1652
cg21454600	rs4256159	0.000669026833172545	0.000725266758649395	0.356425355719159	0.000514822883276521	1654
cg21454600	rs13073817	6.24513784758584e-05	0.000517246482711317	0.903913130794511	8.82419486828043e-06	1654
cg15270892	rs3806624	0.0119466657264905	0.00135084218885419	2.33278838029464e-18	0.0454411523753819	1645
cg15270892	rs11129295	0.00892545207796959	0.00140072470065617	2.41667987380137e-10	0.0241165543582089	1645
cg21473142	rs3806624	0.0409403334522178	0.00225159239790054	1.85694612087317e-67	0.167517683073214	1645
cg21473142	rs11129295	0.0319631575002769	0.00240537787523582	2.3922499335307e-38	0.0970425999856099	1645
cg07285675	rs12493607	-0.000361893934703065	0.00109191782847158	0.74036198995983	6.64478574837215e-05	1655
cg06270049	rs12493607	0.000703460261284269	0.00183279756419775	0.701162942924234	8.92204310469281e-05	1653
cg02016771	rs3114018	0.0011373983013853	0.000594694747086421	0.0559750355211093	0.00220669355626236	1656
cg04077085	rs11722228	-0.00169655864210311	0.000536690065046981	0.00160040829728012	0.00610068540560787	1630
cg04077085	rs737267	0.00165236358322263	0.000613760168011785	0.00717103413457553	0.0044323109659103	1630
cg04077085	rs6832439	-0.00205174853013569	0.000637624497912261	0.00131718616458663	0.00631990373451581	1630
cg04077085	rs7442295	0.00205184422390761	0.000642249976851889	0.00142620182598017	0.0062303423235643	1630
cg04077085	rs4475146	0.00208345829679843	0.000639698174373667	0.00114937649864938	0.00647357854464855	1630
cg04077085	rs13129697	0.00211658899403771	0.000585716234972743	0.000311063545627889	0.00795745952455935	1630
cg04077085	rs6449213	-0.00220344379848782	0.000653721434104848	0.000767544651681144	0.0069301700836818	1630
cg04077085	rs4481233	0.00218297844322624	0.000656128759122492	0.000897233147624124	0.00675341481688768	1630
cg04077085	rs734553	-0.00198310413226357	0.000618595724209699	0.00137292863747717	0.00627320975494878	1630
cg04077085	rs3775948	-0.00209115557306715	0.000596031370854931	0.000462953721379113	0.00750427420841834	1630
cg00071950	rs11722228	0.0639127141075349	0.00271103282013214	3.63077557402972e-106	0.251737930904907	1654
cg00071950	rs737267	-0.0513473669649568	0.00335272710354514	1.31085262136083e-49	0.124328606375329	1654
cg00071950	rs6832439	0.0521748266720924	0.0034971624371718	2.57535819707647e-47	0.118736961850281	1654
cg00071950	rs7442295	-0.0581102048817981	0.00346904595246167	2.71483977066249e-58	0.145192158670739	1654
cg00071950	rs4475146	-0.057101654648344	0.00346349703625617	1.18659264551183e-56	0.141287987966574	1654
cg00071950	rs13129697	-0.0568344031714232	0.00312823234706521	2.1591031804979e-67	0.166533851111985	1654
cg00071950	rs6449213	0.0681442662791694	0.00343366630840744	8.75469183017841e-79	0.192515827627774	1654
cg00071950	rs4481233	-0.0659189629141552	0.00347484253407116	9.27789858508797e-73	0.178875020139938	1654
cg00071950	rs734553	0.0524263481860754	0.00337634262058708	7.38867287842502e-51	0.127359543427706	1654
cg00071950	rs3775948	0.0699078200038376	0.00302720105463439	1.73384044792444e-102	0.244038616761188	1654
cg02734326	rs11722228	0.0159469645889989	0.00100587737913903	8.43489317232509e-53	0.13205322907504	1654
cg02734326	rs737267	-0.0134870377743612	0.00118669113172532	7.13246563401098e-29	0.0725191433963806	1654
cg02734326	rs6832439	0.0136087870385684	0.00123650588853564	3.08305324075795e-27	0.0683134532512336	1654
cg02734326	rs7442295	-0.0146007312233159	0.00123919915483023	7.93470523024523e-31	0.0775200243217595	1654
cg02734326	rs4475146	-0.0147237374253833	0.00123313131395137	1.39814452034967e-31	0.0794434177696878	1654
cg02734326	rs13129697	-0.0146026765529256	0.00112253038211788	6.63631946652048e-37	0.0929190432361641	1654
cg02734326	rs6449213	0.0162777034538144	0.00125133162445292	6.66860045898794e-37	0.0929137453073106	1654
cg02734326	rs4481233	-0.0158303343114973	0.00125966646505886	1.16710638166902e-34	0.0872583255871529	1654
cg02734326	rs734553	0.0140426314812699	0.00119402605877523	1.00549651840868e-30	0.077257371639082	1654
cg02734326	rs3775948	0.0166223465858552	0.001125544061571	1.87527957471265e-46	0.11662572812893	1654
cg16147221	rs11722228	0.00450988865345331	0.000755521387393149	2.91193369168714e-09	0.0211385595637681	1652
cg16147221	rs737267	-0.00465262798872828	0.000863784818811709	8.22774160455261e-08	0.0172795165737318	1652
cg16147221	rs6832439	0.00464765312806949	0.000898567919499582	2.59479443379314e-07	0.0159549928599154	1652
cg16147221	rs7442295	-0.00504932811469814	0.000903793744917471	2.70053283143371e-08	0.0185654685111674	1652
cg16147221	rs4475146	-0.0048938700839691	0.000900777002735233	6.37111316335325e-08	0.0175746191346358	1652
cg16147221	rs13129697	-0.00529576621662902	0.000823154831635814	1.62953888652516e-10	0.024470948843501	1652
cg16147221	rs6449213	0.00532053785664821	0.000919687625150916	8.65039795114169e-09	0.0198804179959744	1652
cg16147221	rs4481233	-0.00554399186049898	0.00092221300927615	2.25643774556978e-09	0.0214333060469665	1652
cg16147221	rs734553	0.00476316052082777	0.000871108645969711	5.25155013283308e-08	0.0177976560248113	1652
cg16147221	rs3775948	0.00600992627821957	0.000833777297710319	8.60255296130777e-13	0.0305273955941598	1652
cg04077085	rs7671266	-0.0019734019296716	0.000621530575775689	0.00152605439340692	0.00615418733479261	1630
cg00071950	rs7671266	0.0689671245719614	0.00320302879606993	7.6964552331961e-91	0.219141587402016	1654
cg02734326	rs7671266	0.0167018616837214	0.00117927942966413	4.62608650855856e-43	0.108272560379752	1654
cg16147221	rs7671266	0.00510803516250622	0.000872418844849054	5.74311986373229e-09	0.0203536848278992	1652
cg22930773	rs6842241	-0.00122028027400583	0.00183071660624623	0.505150877842155	0.000279884239603816	1589
cg22930773	rs6841581	-0.0013593731398207	0.0018301155433771	0.457724844062822	0.000347530132696011	1589
cg22930773	rs1878406	-0.000832506832846292	0.00184604124377874	0.652073712339306	0.000128132776313527	1589
cg04058563	rs2130392	-0.0204177222414265	0.00158094527484124	2.11900094429222e-36	0.0928287656018674	1632
cg06935464	rs2101521	0.000472183310217578	0.000175411831250371	0.00717721046813985	0.00436183797393044	1656
cg06935464	rs17616434	0.000561139839384401	0.000169561662364514	0.000955207300251122	0.00657786871492283	1656
cg06935464	rs10004195	0.000632706466782768	0.000171351617409767	0.000229320156325099	0.00817574523236187	1656
cg19398783	rs2101521	0.000132858850760112	0.000170000756339583	0.434609392964597	0.000370252322795198	1651
cg19398783	rs17616434	0.000167334884035417	0.000164514649509966	0.309234731465701	0.000627004669711143	1651
cg19398783	rs10004195	0.000179896038141164	0.000166372959212536	0.279729923223909	0.000708515321650054	1651
cg05627138	rs11739663	0.00382182014429089	0.00104321164351177	0.000256619062656544	0.00804915490858069	1656
cg05627138	rs4957048	0.00102794288494191	0.00108745356913821	0.344656463856529	0.000539941192855232	1656
cg05598879	rs11739663	0.00808510299011109	0.00246868671984055	0.00107827861274081	0.00645864118397871	1652
cg05598879	rs4957048	0.00127180504583803	0.00257297754973254	0.621164997420144	0.000148054238746357	1652
cg21156483	rs11739663	0.00066597216457701	0.000347861599801416	0.055737626126966	0.00228409802045493	1603
cg21156483	rs4957048	0.000518664057091642	0.000360903470035857	0.150877358240541	0.0012883651467868	1603
cg00509649	rs4580814	0.0026646523325017	0.00370106543861113	0.471646122862775	0.000314246482753303	1651
cg13681701	rs4580814	0.0172665825356663	0.00306300632801429	2.03097392313172e-08	0.0189514133429126	1647
cg18677871	rs4580814	0.0123863440005157	0.00217942020290187	1.55914017410105e-08	0.019211402987906	1651
cg22772691	rs4580814	0.00501420819185283	0.00245757707833279	0.0414806736466199	0.00254583010547477	1633
cg14596589	rs4580814	0.0465690302462061	0.00598040238836573	1.20675033483224e-14	0.0355923496728217	1645
cg16163535	rs4580814	0.036930748476001	0.00467269910520014	4.96435204181744e-15	0.0370613049084507	1625
cg11235297	rs4580814	-0.00592094368970886	0.00485812650729662	0.223105445899991	0.000899979328561609	1651
cg19773466	rs4580814	-0.00341341583783386	0.00173005244685377	0.0486668439578987	0.00243924908322216	1594
cg21946374	rs4580814	-0.00111839277850958	0.00391323854076419	0.775069382659863	4.96209051953037e-05	1648
cg13592947	rs4580814	0.0400744521143607	0.00519629583642955	2.12292171152408e-14	0.034711167925333	1656
cg02739870	rs4580814	-0.00637918440400406	0.00369598856329165	0.0845387511953072	0.00179892995372034	1655
cg15083845	rs4580814	0.000146741893488603	0.000838288914881481	0.861062432841032	1.86271665954929e-05	1647
cg24000908	rs4580814	-0.00747224743211549	0.0032372156317072	0.0211091006093635	0.00321283789536493	1655
cg06016911	rs12653946	0.0024186472562699	0.00155755826539444	0.120653242104587	0.0014699538649466	1640
cg01866434	rs4700060	0.00481209605279916	0.00238077440689548	0.0434228810858037	0.00255962277667518	1594
cg02097667	rs7709645	-0.00956992204015191	0.00198497016004516	1.56349363346965e-06	0.0144171061085615	1591
cg02097667	rs171748	0.00619964033451758	0.00195514418275879	0.00154848202465857	0.00628799300931433	1591
cg05689600	rs13182402	-0.0014515352754195	0.000505210087625264	0.00411623919806936	0.0049780571243503	1652
cg25476565	rs13182402	-0.0967875666676959	0.00651599064429797	6.21199293772367e-47	0.118136957512699	1649
cg06910997	rs4624820	0.000106277212487575	0.000277379009900749	0.701659447862364	8.90711850376797e-05	1650
cg16362140	rs2930047	0.00211193099883091	0.000791246732748696	0.00767976075228635	0.0043069266639017	1649
cg16362140	rs267939	-0.00233648414006394	0.000811916989974822	0.00405701765217267	0.00500300097638659	1649
cg18801045	rs2930047	0.00249455891292428	0.00159337441393781	0.117637822166941	0.00148059237539708	1655
cg18801045	rs267939	-0.00284054541243732	0.00163486786261173	0.0824892496554989	0.00182294216484931	1655
cg22134413	rs11741861	-0.000142618377312562	0.00775835779310745	0.985336363980522	2.47740434780235e-07	1366
cg22134413	rs11747270	0.0086812723767483	0.00693050990654731	0.210559950113247	0.00114900712844914	1366
cg22134413	rs13361189	0.0049812138274179	0.00697689073162268	0.475374690855728	0.000373568189901047	1366
cg07558259	rs6918152	0.000472623573936963	0.000453658079359529	0.297654113661075	0.000656168749213817	1655
cg08459746	rs11242675	-0.0013155475892017	0.000763927090561909	0.0852419361331005	0.00179844728941403	1648
cg12171781	rs9369898	0.000532387575572026	0.000409275340686354	0.19350648483371	0.00102322234522288	1654
cg12171781	rs9473555	0.000635109676343508	0.000425535527293583	0.135760348862576	0.00134657504864366	1654
cg03932978	rs4715555	0.0244457099248268	0.00312956849589119	1.00732526645431e-14	0.0361032114248009	1631
cg06870213	rs4715555	0.0099086887372256	0.00373378818789901	0.00803563459205568	0.00424242119898096	1655
cg07369569	rs4715555	0.00706717429753221	0.00220264392705266	0.00135986756494451	0.00618547204823018	1656
cg20874668	rs3812163	0.000785906878518109	0.0013234073895381	0.552693286703798	0.00021407624967987	1649
cg20874668	rs1885486	-0.000587117882182164	0.00130472406584932	0.652774052402122	0.000122932376894671	1649
cg02270332	rs7746082	-0.149874461281034	0.00808891581046751	9.07520928387266e-70	0.172400214415322	1650
cg02270332	rs6568421	-0.147754306016571	0.00810196493995783	7.85020815606799e-68	0.167921616429369	1650
cg14440376	rs548234	0.00123633221088039	0.00076176918037108	0.104785810165221	0.00159384790833175	1652
cg27364012	rs2273669	-0.00281915028145284	0.00177855935594813	0.113142045566509	0.00152964641966375	1642
cg27343634	rs9374080	-4.11832908222768e-05	0.000415365749433095	0.92103173962697	6.00522717833118e-06	1639
cg27343634	rs9386791	3.10062225863133e-05	0.000417912087828368	0.940865745051739	3.36261940615985e-06	1639
cg27343634	rs1008084	-4.35281745711389e-05	0.000415507459877322	0.916579823196382	6.70396391013411e-06	1639
cg27343634	rs11966072	0.000122650122164423	0.000439813801076095	0.780381128814227	4.75038658070544e-05	1639
cg01475377	rs9374080	-0.0463351117029127	0.00228111868281725	7.5052218067474e-82	0.203892346647722	1613
cg01475377	rs9386791	-0.0512221474902783	0.00223391262425088	6.31037483864304e-101	0.246052919839882	1613
cg01475377	rs1008084	-0.0462955391864574	0.00228263694968136	1.23715483774084e-81	0.203399410546475	1613
cg01475377	rs11966072	-0.0346396135829721	0.00255670163215772	1.10338841205067e-39	0.102288588429891	1613
cg12927641	rs9374080	-0.0456191293038778	0.0022755654832683	3.33144829764043e-80	0.195485184972473	1656
cg12927641	rs9386791	-0.0507284240759786	0.00222753200402728	4.41591933985873e-100	0.238709516166856	1656
cg12927641	rs1008084	-0.0455779452686277	0.0022770276630023	5.4944857975834e-80	0.194999506746654	1656
cg12927641	rs11966072	-0.0366456153907789	0.00252751215009994	6.21918569015802e-45	0.112761860235385	1656
cg00509249	rs9374080	-0.0560990378747731	0.00162876856531517	4.25935930376729e-196	0.419586211551141	1643
cg00509249	rs9386791	-0.0522745347257343	0.00172125623311614	3.86736454953972e-161	0.359818685668707	1643
cg00509249	rs1008084	-0.0560888709543145	0.00162995321309058	7.9623504945779e-196	0.419143867780931	1643
cg00509249	rs11966072	-0.0474304584122388	0.00193409910271717	2.07612394464605e-113	0.268191977440917	1643
cg02774282	rs9374080	-0.07803890608115	0.00247298791181647	1.8879499558044e-171	0.376089176915218	1654
cg02774282	rs9386791	-0.0802746448626061	0.00245532787939424	3.15371702580307e-181	0.392848349338172	1654
cg02774282	rs1008084	-0.0780247499379905	0.00247461518388157	3.18084140005732e-171	0.375695420801073	1654
cg02774282	rs11966072	-0.0634432208489137	0.00291934157698716	2.61605627039555e-92	0.222325165078811	1654
cg15411840	rs9374080	-0.0653225450334119	0.00197262297412939	1.20809897359777e-184	0.400271762978799	1645
cg15411840	rs9386791	-0.0610389635171493	0.00207386077057502	2.76730059637785e-153	0.345228849163577	1645
cg15411840	rs1008084	-0.0653150725511084	0.00197389563728219	1.99104968001901e-184	0.399907245409515	1645
cg15411840	rs11966072	-0.0542821072853204	0.00234375861663826	6.31481922004031e-103	0.246122301384578	1645
cg24780759	rs1046943	4.7302447527061e-05	0.00160108172944074	0.976434264624775	5.30285999064996e-07	1648
cg21527370	rs1046943	-0.00434558034789603	0.00179720880374649	0.0157152158205687	0.00352233418601267	1656
cg11749264	rs1046943	0.00129853981498215	0.00193151943959127	0.501500272006824	0.00029302233397702	1544
cg04657000	rs2148710	0.0131263739354847	0.00229491777637544	1.26450746683383e-08	0.0194768859259732	1649
cg05517541	rs2148710	0.0864932106636017	0.00208138326162911	5.0682351042379e-259	0.510928094509852	1655
cg17076443	rs2148710	0.00562179191296396	0.00111268054838285	4.84665198681283e-07	0.0152719682038451	1648
cg21774964	rs2180341	-0.000535643595315745	0.00074738567817339	0.473666785136177	0.000310450195092518	1656
cg01559597	rs17119	-0.00213263780145755	0.000695151254048304	0.00219090897610053	0.00566839044332107	1653
cg25258033	rs2236313	-0.09790117141576	0.00233303233153034	1.15247388142646e-262	0.515651747469504	1656
cg25258033	rs415890	0.107298598794815	0.00181595433325261	0	0.678537105074447	1656
cg25258033	rs1819333	-0.107387524992413	0.0018203893260171	0	0.677833977954152	1656
cg25258033	rs9355610	-0.0778482091562427	0.00270962254802241	1.35195767745782e-147	0.332910890773784	1656
cg25258033	rs2149085	-0.107406779991778	0.00182127412574976	0	0.677700036606436	1656
cg04409872	rs2301436	-0.000599561516484682	0.000743753308964769	0.420290008535236	0.000412953901602781	1575
cg13368186	rs2301436	-0.000981348657799062	0.000908432904233485	0.280183127250091	0.000712365350061126	1639
cg16901670	rs2301436	0.000541181792931934	0.000242601310443765	0.0258319588887181	0.00300682609062461	1652
cg03008093	rs924043	-0.0134263445062528	0.00210840207375003	2.47829667717982e-10	0.0240583940820514	1647
cg01471837	rs924043	-0.000145194500056808	0.00068754985725479	0.832775417520687	2.69615418292037e-05	1656
cg17426568	rs924043	-0.0853313357292172	0.00495721545581688	3.41862179931167e-61	0.152475527903547	1649
cg10231862	rs9348440	-0.00266463176007758	0.00303013442028767	0.379333514005219	0.000500594247606943	1546
cg10231862	rs9356744	-0.00563017450150815	0.0022632720008931	0.0129647285077537	0.00399195612579486	1546
cg10231862	rs4712523	-0.003410283253454	0.00227054081446284	0.133309440575317	0.00145895166979331	1546
cg10231862	rs4712524	-0.00317694279375675	0.00227032973069103	0.161914608015618	0.00126661080877283	1546
cg10231862	rs2206734	-0.00115702693826483	0.00267345412504125	0.665232476683125	0.000121294606978654	1546
cg10231862	rs7747752	-0.00545587251582914	0.0024801653430506	0.0279686775066139	0.0031243584019121	1546
cg10231862	rs10440833	-0.00293961632785856	0.00238752743800156	0.218421084694986	0.000980869133715108	1546
cg10231862	rs7756992	-0.00287933742313551	0.00237843569811662	0.226233515040808	0.000948293916124313	1546
cg10231862	rs7772603	-0.00307268685736919	0.00226999488817355	0.176059079950987	0.00118528962019169	1546
cg10231862	rs7766070	-0.00283173287208865	0.00237755142776263	0.23382523482975	0.00091790683602773	1546
cg10231862	rs6908425	-0.00747695126471116	0.00253234958070102	0.00319896502030652	0.005614476658498	1546
cg10231862	rs10946398	-0.00317694279375675	0.00227032973069103	0.161914608015618	0.00126661080877283	1546
cg10231862	rs6931514	-0.00295313586386113	0.00238754038565004	0.216314302677772	0.000989892397934157	1546
cg10231862	rs7754840	-0.00317694279375675	0.00227032973069103	0.161914608015618	0.00126661080877283	1546
cg15496866	rs2494938	0.00137168225847032	0.00136148468848055	0.31384751294817	0.000616662759032301	1647
cg00561191	rs9296404	-5.5580909188389e-06	0.000211817695364519	0.979069126169541	4.20095162281872e-07	1641
cg04013093	rs9296404	-0.0217522135001817	0.000983416920273727	4.56446084342806e-95	0.230100237980368	1639
cg05642143	rs9296404	-0.0100621714461538	0.00162758398458894	7.94900114496185e-10	0.0226663838812234	1650
cg09436375	rs9296404	-0.0533062349867428	0.00170787190136354	2.7729495301967e-168	0.372513080926351	1643
cg11409096	rs9296404	-0.00388107220404259	0.000429983992750159	4.81688492570932e-19	0.0469712396399828	1655
cg16682276	rs9296404	-0.0591504292282488	0.00181034245146591	6.87315050750875e-181	0.393562920818222	1647
cg19051105	rs9296404	-0.0099936200687478	0.00146300352279857	1.18420797905743e-11	0.0275993190336061	1646
cg23093754	rs9296404	-0.0354328018312838	0.00128963237916841	4.311503391161e-137	0.314549663638939	1647
cg23696834	rs9296404	-0.00531353550785081	0.000538063630948538	2.18811797463428e-22	0.0557099123902984	1655
cg24153763	rs9296404	-0.0579492003204693	0.00176098462339055	5.06896298174525e-183	0.396243219561223	1652
cg24815792	rs9296404	-0.0789437859561452	0.00196176885730422	2.2765765318216e-247	0.495009419483757	1654
cg27588902	rs9296404	-0.0376955214895671	0.00140924378067692	2.8373844676454e-131	0.302088774880253	1655
cg24642844	rs1997243	-0.166380169388207	0.00478087236654914	1.41385180872255e-199	0.422712715240341	1656
cg00738919	rs1997243	0.098258827616529	0.00463162180788651	1.68351012789162e-88	0.214617292356287	1649
cg23187316	rs1997243	0.105266797480436	0.00575279308536073	3.09905741636949e-68	0.168950217372834	1649
cg03188948	rs1997243	0.395231180171789	0.0103619219909855	9.60329231568717e-229	0.468726357866962	1651
cg18402987	rs1997243	0.379618097931569	0.00890928095662664	6.0684850817714e-268	0.524642205689374	1647
cg23708337	rs1997243	0.188917409779289	0.00506873482589611	4.84315154629074e-221	0.457383566770041	1650
cg00671126	rs6461049	0.0756945205463569	0.0023623188212592	1.22262944058134e-175	0.383144422074442	1655
cg00671126	rs12699477	-0.0770092882876074	0.00248850761024198	2.94691093626337e-166	0.366825134886545	1655
cg00671126	rs12666575	-0.0769518816086937	0.00242309023976032	3.39767245161605e-173	0.378934345399805	1655
cg00671126	rs10275045	-0.0786737021131754	0.00211476917265422	1.33674829310723e-220	0.455711242252261	1655
cg00671126	rs4721295	-0.073902294175508	0.00243154137085992	1.46849724633516e-161	0.358493201717766	1655
cg11601967	rs6461049	0.123799161884098	0.00340891208204381	8.15705522807761e-213	0.443785586564287	1655
cg11601967	rs12699477	-0.123161872389103	0.00366196744268129	2.24311276710415e-189	0.406283881973253	1655
cg11601967	rs12666575	-0.124667773865895	0.00352560188023742	1.94013159353307e-204	0.430663488097426	1655
cg11601967	rs10275045	-0.127905019357166	0.00301305376250521	6.40006867883048e-267	0.521566759954926	1655
cg11601967	rs4721295	-0.119455807572173	0.00355691251706518	5.92146672867141e-189	0.405586771744991	1655
cg25011577	rs6461049	0.0547287506787703	0.0016958489269118	1.43321067659209e-177	0.38681384716903	1653
cg25011577	rs12699477	-0.058494686911945	0.00173180220172832	1.41463011533448e-190	0.408640146362866	1653
cg25011577	rs12666575	-0.0581307622180531	0.00168971409451374	5.09570909691117e-196	0.417543655268527	1653
cg25011577	rs10275045	-0.0569199040764628	0.00151603534668422	1.48830056689592e-223	0.460571167774419	1653
cg25011577	rs4721295	-0.0555513519726282	0.00170569697955043	4.05447430012994e-180	0.391152965381077	1653
cg21180201	rs6461049	-0.00112590233565023	0.00103708075729171	0.277794520104791	0.000714674999635513	1650
cg21180201	rs12699477	0.0027022965804149	0.00107669881954503	0.0121752275828899	0.00380770697615102	1650
cg21180201	rs12666575	0.001926804833579	0.00105943058936495	0.0691359852410197	0.00200309904030185	1650
cg21180201	rs10275045	0.00106852506278769	0.000988358575272126	0.279806036574379	0.000708720911130789	1650
cg21180201	rs4721295	0.00117289843888185	0.00104669063429845	0.262630827096333	0.000761370679038571	1650
cg15210385	rs6461049	-0.000276035941562225	0.00059932135338598	0.645160007244364	0.000128472120473659	1653
cg15210385	rs12699477	0.000284803480179918	0.000623193994825421	0.647726757013545	0.000126485882556456	1653
cg15210385	rs12666575	0.000254303715956921	0.000612697985789586	0.678155147272061	0.000104332621693734	1653
cg15210385	rs10275045	0.000136603191972535	0.000571198133500775	0.811017382559053	3.46406488389224e-05	1653
cg15210385	rs4721295	0.000322271802243376	0.000604928109233265	0.594282518467047	0.000171876048432957	1653
cg12098896	rs6461049	-0.00280409089586862	0.00141881646532567	0.0482835078439237	0.00240530885387354	1622
cg12098896	rs12699477	0.00315435080564941	0.00147600691081679	0.0327405420843812	0.00281128929443317	1622
cg12098896	rs12666575	0.00281590457485647	0.00145155132695861	0.0525618447330296	0.00231765263856804	1622
cg12098896	rs10275045	0.0022550682845994	0.00135227243339227	0.095585671913733	0.00171368544183876	1622
cg12098896	rs4721295	0.00263686688653105	0.00143265738139157	0.0658714197961677	0.00208674559741779	1622
cg21192091	rs798502	-0.000974060058497826	0.000466028186329704	0.0367602609876803	0.00266646245495154	1636
cg21192091	rs1182188	-0.000858357697136129	0.00046597369289072	0.0656455337086589	0.00207233910817357	1636
cg21192091	rs798544	-0.00107134510249466	0.000469895347236379	0.0227380967445209	0.00317121004226826	1636
cg21192091	rs798489	-0.00104446189201097	0.000499637781373536	0.0367326637620016	0.00266724363043625	1636
cg21192091	rs798554	-0.00107684019918389	0.00047070094476221	0.0222800638830076	0.00319279837814475	1636
cg23627948	rs798502	-0.0994097686584209	0.00585282110655248	9.38657768979292e-60	0.148821106169245	1652
cg23627948	rs1182188	-0.101489080122417	0.0058320858565246	2.1065609941889e-62	0.155069943903232	1652
cg23627948	rs798544	-0.103590127540224	0.00587789610532489	7.87569511635873e-64	0.158418273969696	1652
cg23627948	rs798489	-0.104862747285961	0.00630220024997638	1.36773181613668e-57	0.143683935036811	1652
cg23627948	rs798554	-0.103987341855955	0.00588572538842127	4.08729482902871e-64	0.15908496488392	1652
cg27476859	rs798502	0.0138304197821075	0.00186545777824484	1.94827506632614e-13	0.032182551316258	1655
cg27476859	rs1182188	0.0133278133336149	0.0018679593339853	1.44305699741485e-12	0.0298769952501892	1655
cg27476859	rs798544	0.0138870557820484	0.00188420392195446	2.6783332129859e-13	0.0318162853364577	1655
cg27476859	rs798489	0.0140252240249721	0.00200580530588591	3.91057491321419e-12	0.0287283010467221	1655
cg27476859	rs798554	0.0139360998816549	0.00188734923691608	2.42442084850822e-13	0.0319309217548983	1655
cg23009067	rs798502	-0.0168550473419886	0.00173875322831667	1.20805594590017e-21	0.054286869002857	1639
cg23009067	rs1182188	-0.0154847945203783	0.00174689123521892	1.96676531367239e-18	0.0458004444427199	1639
cg23009067	rs798544	-0.0157018839488051	0.00176112384419732	1.26254141335802e-18	0.0463107627760873	1639
cg23009067	rs798489	-0.0174562153524713	0.00186887288558223	3.02356810276633e-20	0.0505989698429772	1639
cg23009067	rs798554	-0.0160301516380334	0.001762911712961	2.71133047054872e-19	0.0480801525744105	1639
cg09658497	rs798502	-0.0728196229491511	0.00345169081668186	1.23601552060435e-87	0.212946856375442	1647
cg09658497	rs1182188	-0.0725164861495068	0.00345621890926128	8.4016900278636e-87	0.21111489425743	1647
cg09658497	rs798544	-0.0703812065381902	0.00352536206158039	1.40769839920001e-79	0.195036627786115	1647
cg09658497	rs798489	-0.0742565908769647	0.00375081579857259	2.0539596511059e-78	0.192415700203283	1647
cg09658497	rs798554	-0.0707507876611156	0.0035284592836529	3.44714668979871e-80	0.196409041840576	1647
cg18446336	rs798502	-0.0619352361796047	0.00362045122236806	1.5593447390657e-60	0.150412948846794	1655
cg18446336	rs1182188	-0.0603905197113398	0.00363684216657979	2.18121358346093e-57	0.142960656078036	1655
cg18446336	rs798544	-0.0599945574311987	0.00368191534121416	1.79399250806795e-55	0.138392547592869	1655
cg18446336	rs798489	-0.0623139984843484	0.00392742913251185	7.05548929990002e-53	0.13216562637938	1655
cg18446336	rs798554	-0.0603286612818668	0.00368599568990386	6.43841651925107e-56	0.139456208209773	1655
cg19717773	rs798502	-0.0700334656177101	0.00327639095421319	1.80665664101418e-89	0.220521688301477	1617
cg19717773	rs1182188	-0.0686960544905196	0.0032945192820023	1.06541724530033e-85	0.212114386481732	1617
cg19717773	rs798544	-0.0672963737950288	0.0033477034001317	2.13962169802005e-80	0.200138870761688	1617
cg19717773	rs798489	-0.0700308574912381	0.00357666889854799	9.08250713397295e-77	0.191842524060726	1617
cg19717773	rs798554	-0.0676217863659624	0.00335087758977642	6.07014157382013e-81	0.201382766872432	1617
cg14344486	rs11979158	0.000579248475515939	0.000444034642622648	0.192242473121288	0.00103847530344234	1639
cg13153834	rs4948102	0.0136472118603689	0.00218783955964102	5.62972430229778e-10	0.0230656189025245	1650
cg17917325	rs4948102	0.0178443604122005	0.00186711224534635	4.25942105223957e-21	0.0529710046099553	1635
cg19072291	rs11763147	-0.0103858165779906	0.00110390236084512	1.63435251787496e-20	0.0510613402868026	1647
cg19072291	rs4718428	-0.00147030546577805	0.00120624567695357	0.223052943091785	0.00090237203787364	1647
cg19072291	rs17711722	0.0102281740966309	0.00114280556118695	9.35629473970984e-19	0.046434029711301	1647
cg07751270	rs1167796	0.000984410075978667	0.000213625059782794	4.37485478434314e-06	0.0126832731973256	1655
cg02985445	rs3779195	0.00429328025513861	0.0012318576552219	0.00050460305707711	0.00729904133485688	1654
cg02985445	rs6465657	-0.00695358706507597	0.000916742818118972	5.51365430691188e-14	0.0336546500557091	1654
cg26380479	rs3779195	0.00916400159306253	0.00122861394795055	1.4036652527511e-13	0.032598608610473	1653
cg26380479	rs6465657	-0.0107091707292875	0.00090494067840797	4.50734450899217e-31	0.0781924216974473	1653
cg00437258	rs702485	-0.00584869895453465	0.00269349999055698	0.03004176466806	0.00284258067175933	1656
cg07889869	rs702485	0.000637778434677049	0.000353703432763938	0.0715478808860622	0.00196662805435654	1652
cg25204742	rs702485	0.000178407884381995	0.000145572859331442	0.220539782381559	0.000907272096569042	1656
cg08053846	rs2227631	-0.0906414493755687	0.00164619802127923	0	0.672263691369713	1480
cg19722814	rs2227631	-0.00116255900489459	0.000212118638191375	4.89076584488061e-08	0.0178369435338991	1656
cg20438404	rs2227631	-4.56653002855339e-05	0.000258709640140639	0.859913553062701	1.88823162500698e-05	1652
cg24539923	rs2227631	-0.00274015763284628	0.000446076263178864	1.01362777923582e-09	0.0223181185254921	1655
cg25826546	rs2227631	-0.000169564451860445	0.000417467391181478	0.684667208111822	9.9734561642608e-05	1656
cg14242526	rs6975557	0.000150259638655973	0.00122596080254189	0.902466702314479	9.13191041660283e-06	1647
cg26673903	rs7776725	0.000508459467626091	0.00129356101306545	0.694319406908108	9.46044506842276e-05	1635
cg26673903	rs10242100	5.80426360899608e-05	0.00129917449275352	0.964370586515108	1.22228524880482e-06	1635
cg26673903	rs2908007	-0.00042635704322712	0.00119155962581391	0.720528549013558	7.83962143305845e-05	1635
cg26673903	rs3801387	3.53716084017818e-05	0.00130037944699679	0.978302749629927	4.53088502498366e-07	1635
cg26673903	rs917727	0.000326527421299922	0.00130364924785374	0.802253989851592	3.84162466670419e-05	1635
cg15123087	rs720475	0.0123939293008692	0.00150519903742077	3.76777393026056e-16	0.0414476528400356	1570
cg21952686	rs720475	0.000197307671235272	0.000180438241198507	0.274337992690668	0.000725474226518332	1649
cg04892643	rs2073963	-0.00307034439878279	0.00133876359196795	0.0219507123913112	0.00321647105811753	1632
cg03697024	rs2285947	0.000972300506035432	0.000205608386727272	2.44929500793749e-06	0.0133478278062301	1655
cg04471919	rs2285947	0.0253024979766663	0.00139398589465318	3.19872235972002e-67	0.167712571139614	1637
cg24126432	rs12534093	0.000286935865930772	0.000570039988338683	0.614777796591657	0.000153721656479265	1650
cg24126432	rs6957923	0.000178194869069626	0.000491949046648424	0.717232428556758	7.96083020287782e-05	1650
cg09426383	rs7804356	0.0283821070653852	0.002589802114205	5.07041926245067e-27	0.0682754675641313	1641
cg09426383	rs10486483	0.0283826435746679	0.00258985251390901	5.07073832229997e-27	0.0682753966041197	1641
cg19216792	rs7804356	0.0327706836596026	0.00326887333360727	5.28894925712496e-23	0.0573150329783439	1655
cg19216792	rs10486483	0.0327711572454774	0.00326893763629405	5.29159086828072e-23	0.0573144689498542	1655
cg13045555	rs2458413	0.107909883787727	0.00354621107573683	1.0181583793345e-161	0.360161747189608	1647
cg17696517	rs2458413	0.245484393326879	0.00749408705470572	5.38992861765995e-180	0.404758795353743	1580
cg23108931	rs2458413	0.0921305181413032	0.00315385854214926	1.32438401592918e-151	0.340472821729627	1655
cg08657449	rs2458413	-0.0226397643157317	0.00163729232121271	3.13195469204641e-41	0.1037333806504	1654
cg21295575	rs2458413	-0.0241536333703492	0.00164534539075459	6.52544692962981e-46	0.116961485380696	1629
cg23686352	rs611744	-0.000988484446619947	0.00108830909777637	0.363865907433694	0.000501856541607176	1645
cg01356948	rs2737229	0.000157349648770492	0.00106893537187807	0.882990465950129	1.31801733254745e-05	1646
cg01975934	rs4355801	0.0101018681111021	0.000890671105100308	9.27052669706226e-29	0.0726505532777795	1644
cg01975934	rs2062375	-0.0108172155427921	0.000886459359526154	7.58441799054108e-33	0.0831458205560759	1644
cg01975934	rs7839059	-0.0064937506442615	0.000965151140233237	2.36487648819447e-11	0.0268297262574985	1644
cg08148618	rs2469997	0.00197527878581809	0.00251023798475335	0.431462057110186	0.000382544814040628	1620
cg08148618	rs2071518	-0.00199496902092423	0.00216887389789741	0.357805040037367	0.000522634595267876	1620
cg00614011	rs2469997	0.0453221838012197	0.0026024083011058	1.75829239783372e-62	0.15551404451387	1649
cg00614011	rs2071518	-0.0468765791908547	0.00216287383518632	7.60282393699426e-92	0.221913502935492	1649
cg00683496	rs7839488	0.00224241701033052	0.000541917110100371	3.68079490471997e-05	0.0102522386317024	1655
cg00683496	rs4395927	0.00269340487535809	0.000535468361098545	5.438707674507e-07	0.0150752954062725	1655
cg00683496	rs6469937	0.00259280191157851	0.000533156962319184	1.26535858610914e-06	0.0141054235224229	1655
cg00683496	rs4455882	0.00253505390898494	0.000521256752399195	1.26385899921604e-06	0.0141067845991993	1655
cg01951477	rs2294025	-0.00372470829783821	0.000749942174918899	7.51914386477161e-07	0.0147651851109036	1648
cg17829017	rs12680655	-0.00111716363014924	0.00180875404643179	0.536896262270805	0.000231428488352147	1650
cg20851559	rs12680655	-0.00105006996452962	0.000714452200723784	0.141818776283411	0.00130828062411774	1651
cg22815528	rs2294008	0.00151416356035242	0.00050066034535719	0.00253018479962315	0.00549956908301076	1656
cg10047019	rs7843479	0.00628847766452441	0.00124877192804416	5.29156373795168e-07	0.0154028243024453	1623
cg13518625	rs9693444	-0.00274050291611027	0.000933291092517922	0.00336674363440489	0.00521422729195833	1647
cg22629196	rs16887244	-9.30691628356517e-05	7.58253178822765e-05	0.219842118982884	0.000914997006286846	1647
cg09395427	rs3802457	0.000742276558753919	0.0024621204380746	0.763087506280198	5.49814478950218e-05	1655
cg09395427	rs10821415	-3.73067707454626e-05	0.00064266040120917	0.953715403190145	2.03863040016963e-06	1655
cg13519061	rs2025151	-0.000440069023256194	0.00110333040263371	0.690051636396225	9.65817080622119e-05	1649
cg16408565	rs150611042	-0.00910395542359887	0.000321606537311304	7.94032688359281e-144	0.328638409778751	1639
cg16408565	rs10982156	-0.00896512109428216	0.000326948265456793	1.55097619638209e-136	0.314744472979293	1639
cg21152671	rs1953126	-0.0254918856080315	0.00175158719269117	3.08831162287761e-45	0.113703158336606	1653
cg21152671	rs2072438	-0.0224121448131767	0.00170556606949749	1.38182943871038e-37	0.094685237665404	1653
cg21152671	rs10985070	-0.0228818282655731	0.0017373974578822	9.69599277112703e-38	0.095071485526178	1653
cg21152671	rs881375	-0.0254806831595716	0.00175131571597252	3.25853253691128e-45	0.113645820610522	1653
cg21241889	rs1953126	-0.0260014435606122	0.00180203433217189	1.65020316201813e-44	0.113137120550649	1634
cg21241889	rs2072438	-0.0155233019049736	0.00180210936220732	1.63609887592559e-17	0.043488647048229	1634
cg21241889	rs10985070	-0.0160406129193962	0.00183439553918148	5.46909843243515e-18	0.0447558863390546	1634
cg21241889	rs881375	-0.0259809177274392	0.00180184845669817	1.87421875864359e-44	0.112999416791001	1634
cg14565687	rs872863	0.00133338083082994	0.00111295951726413	0.231069307956662	0.000867036661625647	1656
cg25162921	rs7023329	0.00604572935084918	0.00332721690898074	0.0693904487416773	0.00199823162799014	1651
cg25162921	rs4636294	0.00664783963840371	0.00329866025967972	0.0440336343334125	0.00245695319249166	1651
